3.100394	-0.273199	-5.234105	2.357357	0.103575	-5.298651
3.905170	1.432822	3.462474	3.351807	0.881760	3.410060
3.096847	3.933205	3.289792	3.609969	4.359396	3.720424
2.226299	-5.440919	4.513935	2.097295	-6.176302	4.830071
0.706734	-3.298046	2.713810	0.161598	-3.853563	2.374736
3.968728	-4.192597	-5.397822	3.486013	-3.682555	-4.990684
0.892526	4.856832	-5.148240	1.442531	4.976449	-4.591806
3.421259	2.976715	4.771434	3.795565	3.695748	4.838038
1.991094	3.501309	-1.255472	1.250569	3.531193	-1.017411
1.374486	-1.790650	-4.588817	0.654185	-1.787764	-4.146024
-2.311256	-1.016025	-3.115444	-1.988001	-0.271927	-3.266508
-0.252020	-1.046948	4.713120	-0.894179	-1.398354	4.795231
0.191934	3.878660	-0.455974	0.577001	4.033693	-1.095619
2.388204	1.724400	1.701247	2.731854	1.056343	2.073906
1.185726	1.855343	1.071437	1.436256	2.508210	0.885989
-3.077907	0.393925	3.931873	-3.190426	0.156831	4.650343
-1.450310	1.537915	5.289541	-1.159816	1.420838	5.956397
-2.913127	1.624841	5.314194	-2.451373	2.172445	5.607960
1.747941	2.015811	4.937525	2.442634	2.125617	5.318903
3.634655	1.489108	5.587432	4.242905	2.053017	5.647189
5.558068	1.877370	5.119989	4.793343	2.113697	5.108564
-2.910350	-3.067941	-4.599588	-3.065714	-2.381996	-4.704756
-3.722301	-4.937505	4.566603	-4.080712	-4.399376	5.023754
-2.444894	4.422061	2.661980	-2.410886	4.926812	3.243300
3.250601	-3.606618	-3.055204	3.602227	-3.190961	-2.469366
4.481012	-4.880730	0.326531	5.175997	-5.253691	0.138979
5.029202	-1.059361	-0.707393	4.377742	-0.722931	-0.810515
4.356172	-5.098335	2.473152	4.804564	-5.650080	2.127973
3.641724	5.657647	4.244363	3.834191	5.580418	3.500690
4.925335	-3.683502	-2.189772	5.258229	-2.941795	-2.497215
3.468035	1.636776	-3.957989	2.853613	1.934836	-4.300774
2.583081	1.480955	-4.921085	2.099740	0.795075	-4.919142
0.812121	-4.240762	-1.538771	1.129133	-3.462721	-1.639834
-0.575451	1.365750	-0.863397	-0.603726	2.111108	-1.118288
-1.961591	-3.959659	-4.153358	-1.140079	-3.990532	-4.453538
-1.124086	-2.556002	-2.535293	-0.535764	-2.600830	-2.073469
-0.449443	0.233823	-4.102840	-0.152860	0.950748	-3.874921
-0.802859	-1.518850	-4.327754	-1.545981	-1.708531	-4.311640
-4.467526	-0.082738	-2.634966	-4.566850	-0.207083	-3.471715
4.190650	-1.604119	1.650304	4.399562	-2.303791	1.868379
1.666454	-4.607485	3.573974	2.157056	-5.276228	3.747719
4.216047	-0.750073	3.305988	3.474716	-0.493537	3.561596
-0.514447	0.101214	-4.816714	0.204827	-0.008985	-5.184943
0.028922	-1.100214	5.462002	0.489122	-0.612120	5.890645
2.587820	0.526964	-1.054421	2.480635	-0.141135	-1.584934
2.881246	-0.019601	-2.946814	3.042680	-0.268201	-2.177360
4.277898	-3.030146	3.896379	4.478429	-3.160142	3.146155
4.833660	-3.916288	1.816177	4.644046	-4.378382	2.405511
4.408511	-2.305692	-4.831783	4.216000	-1.918780	-5.509399
3.145740	-5.198993	-1.639864	3.661633	-5.557727	-2.123234
-4.858234	5.279574	1.237774	-4.070355	5.403437	1.248833
5.067030	4.820360	0.163777	4.468996	4.347998	-0.047243
-4.141256	2.718078	3.011695	-4.910376	2.591069	2.838729
-0.513861	1.996886	-2.404675	-0.918833	1.373398	-2.778422
0.132344	3.095646	-0.607230	-0.524175	2.688275	-0.704147
0.609895	-4.769896	-3.073949	0.291410	-4.176412	-2.693350
0.017549	-5.694954	-2.266150	0.081776	-5.347837	-3.009691
1.960841	-4.165253	4.760412	2.476277	-4.782189	4.923386
1.755860	-0.562886	-1.358174	1.812628	-0.814824	-0.530427
-0.092926	-0.820584	-1.415709	0.447008	-1.055436	-2.007310
3.883240	0.428356	1.763358	3.084723	0.471170	1.641255
2.845092	0.197882	-0.301576	3.595535	-0.023927	-0.184563
2.117140	-2.909610	-0.971157	2.572443	-2.240826	-1.196905
3.220676	3.775750	-0.807825	3.128594	4.387562	-0.333518
2.476277	-4.782189	4.923386	3.125830	-5.074787	5.248016
-1.488894	-1.556741	2.347058	-0.974622	-2.165937	2.613588
1.960841	-4.165253	4.760412	2.312854	-3.680483	4.212087
0.672582	-4.923409	1.576074	0.462727	-4.179565	1.712677
-2.312622	-4.949599	-2.659680	-2.050720	-5.298481	-2.055992
-4.069829	-2.183224	-1.951344	-4.601890	-2.157480	-1.290644
4.484701	-2.749941	2.525278	4.478429	-3.160142	3.146155
4.465051	-3.054602	-4.504946	5.242453	-3.270949	-4.378467
5.649665	-2.687287	-3.917330	5.788222	-2.128460	-4.491533
-2.719481	-4.016672	2.484194	-3.269954	-3.397342	2.364086
-1.715002	-2.271625	1.038036	-1.257834	-2.901335	1.339973
-1.105051	-3.423049	2.609109	-1.308199	-2.801473	3.035029
0.922428	2.916083	-0.633826	0.132344	3.095646	-0.607230
0.491729	3.373695	1.357299	-0.098403	2.975382	1.772247
-3.245027	0.848303	0.381275	-3.669014	0.109073	0.555872
-2.110554	3.136449	-2.928679	-2.763076	3.263144	-2.555857
0.051355	3.281510	-2.723041	-0.537221	3.550982	-3.192966
-3.910295	1.656775	-4.260674	-3.578527	2.365948	-4.336040
3.641724	5.657647	4.244363	3.303011	4.986332	4.628257
-3.353019	4.665645	1.930159	-3.748085	4.102430	2.053538
1.812628	-0.814824	-0.530427	1.994446	-1.533251	-0.215249
-1.923179	-3.587621	-1.452519	-1.083712	-3.637814	-1.498563
2.430140	-5.053557	-2.727456	2.451287	-5.354342	-2.037743
-3.326824	3.387062	-0.124863	-3.330720	2.756198	-0.608721
-5.718086	3.604752	-0.928785	-5.696239	4.088150	-1.562406
-3.116516	3.181937	1.252432	-2.799288	3.339324	0.504916
-1.583714	-1.027809	4.842923	-2.241059	-1.328132	4.498453
0.512061	-4.909012	0.201351	-0.164464	-4.469068	0.048110
-3.219363	-2.071435	1.871310	-3.632455	-1.820820	1.301083
-2.106976	-4.767411	-4.016138	-2.025752	-4.132669	-3.412079
-1.280960	-4.591086	-5.605724	-1.869664	-4.929020	-5.332000
-0.499326	-3.460757	-4.218555	0.042827	-3.016569	-4.609168
5.510125	4.183419	2.193173	5.180681	4.668071	1.584727
4.843125	-3.899844	3.002676	4.478429	-3.160142	3.146155
5.180681	4.668071	1.584727	5.471770	4.697692	0.850855
-4.819155	2.911301	1.523538	-4.710349	2.224734	1.190558
-1.303176	4.728188	3.613506	-1.733994	4.756708	3.243870
-2.451373	2.172445	5.607960	-1.840844	2.171544	5.155044
1.124913	-0.614809	-1.900096	0.447008	-1.055436	-2.007310
0.956928	-1.075039	4.221015	1.076386	-1.895743	3.994197
2.307009	-2.016932	-2.645290	2.351618	-1.298942	-3.169340
-4.893506	-2.985846	-2.915414	-4.304466	-2.395164	-2.777518
-3.588185	4.906237	-2.268492	-4.287403	4.679848	-2.690097
-4.143317	3.463180	-2.572607	-4.680677	4.018416	-2.473318
-3.895091	-2.561433	-0.028514	-3.500979	-3.306382	-0.114268
-3.895091	-2.561433	-0.028514	-3.625098	-1.911354	0.476833
-5.578748	-3.671674	-0.145735	-5.165727	-2.982093	-0.055901
2.956757	-5.414204	2.605161	2.477580	-5.688584	3.126898
-3.841892	4.032038	-0.215450	-3.326824	3.387062	-0.124863
-3.613413	5.709093	0.680646	-3.562840	6.452165	0.948855
2.705441	3.248833	-0.955897	2.930374	2.514201	-0.826554
5.139092	2.801411	4.036198	5.313270	2.669960	3.295817
1.747941	2.015811	4.937525	1.606287	1.432754	4.446820
-0.078351	0.648255	4.378999	0.480711	0.853286	4.949511
0.028922	-1.100214	5.462002	-0.203071	-1.797268	5.827613
1.581189	4.994503	2.990527	2.274513	5.009044	2.974545
-0.072108	5.562523	1.003264	0.020509	5.132895	1.513000
-1.549366	4.583030	-2.836063	-1.390356	5.262780	-2.729305
-2.695492	-5.037096	3.741559	-2.887864	-4.511815	3.125080
1.769769	-0.192423	5.634327	1.269064	-0.799586	5.871720
-0.008447	-3.100758	-0.335356	-0.661000	-2.711907	-0.684478
1.673108	-0.653127	4.461657	2.358945	-1.079763	4.264925
4.216000	-1.918780	-5.509399	3.457639	-1.686845	-5.576495
4.385914	0.711694	1.273143	4.681803	1.375586	1.582635
3.084723	0.471170	1.641255	2.731854	1.056343	2.073906
2.311027	4.987240	-1.373190	2.469834	4.418771	-1.992931
-4.909633	5.610730	-1.060442	-4.998211	6.419085	-1.230338
-4.909633	5.610730	-1.060442	-5.657697	5.317320	-0.976067
2.782849	-2.193634	-1.976662	3.551185	-2.394405	-2.226520
3.725241	-5.233112	0.369212	4.481012	-4.880730	0.326531
0.320069	4.030836	0.933695	0.611170	4.737616	1.273329
1.383322	4.827409	1.282164	2.031344	5.241354	0.917145
-0.802547	4.503624	0.363889	-1.599929	4.168971	0.419115
-0.447334	3.341719	2.395437	0.036085	3.262639	2.968120
1.224879	-3.024902	-2.347929	1.129133	-3.462721	-1.639834
-0.661000	-2.711907	-0.684478	-0.725454	-2.908230	-1.401640
-2.321799	-2.695745	-0.200538	-1.738390	-2.378926	0.232641
1.269064	-0.799586	-5.568280	1.444902	-1.524408	-5.415605
-0.397058	-1.033319	-3.761145	0.217155	-1.489154	-3.465676
2.748214	-3.323384	-5.312810	2.870050	-2.897010	-6.080839
-1.280960	-4.591086	-5.605724	-1.308394	-4.482193	-6.365713
5.649665	-2.687287	-3.917330	5.242453	-3.270949	-4.378467
1.991094	3.501309	-1.255472	2.051795	3.783111	-2.001431
1.536828	4.318374	1.840969	1.863409	3.678689	1.699752
-1.229854	5.069830	2.026836	-1.779141	5.378568	1.581673
2.488188	-5.242120	1.972223	1.909702	-4.686977	2.082887
-1.780395	0.792235	2.220953	-1.180458	0.258675	2.053323
-1.531460	-0.809255	2.734759	-1.488894	-1.556741	2.347058
-3.827526	-0.634551	1.626746	-3.113919	-0.702690	2.005860
1.342284	-4.760619	-3.454913	2.065095	-4.527366	-3.136608
-5.353836	-4.549179	5.578043	-5.899651	-5.023674	5.278785
3.384926	-5.344572	-5.466826	2.935022	-5.870004	-5.102421
-3.733473	-4.686287	-1.412235	-3.883398	-4.280088	-2.078776
-3.324375	5.247305	0.126038	-3.781925	4.821090	-0.387420
-1.356895	-5.678573	-2.229024	-0.710113	-5.476180	-1.941386
0.250533	2.551912	3.271717	0.978161	2.229847	3.014121
-1.229854	5.069830	2.026836	-1.362657	4.537568	2.521339
-2.482796	3.904205	3.494470	-2.843220	3.378793	3.864769
-1.727139	2.543942	-1.204324	-1.281402	2.676460	-0.473112
-1.491194	3.239541	-2.461464	-1.199627	3.842390	-2.823108
0.051355	3.281510	-2.723041	0.151531	2.411225	-2.583359
0.366241	-5.264616	0.916917	0.672582	-4.923409	1.576074
0.197931	0.160539	3.182854	0.118923	0.045956	3.936337
-0.232734	-2.443293	5.349197	-0.203071	-1.797268	5.827613
-4.123699	5.243145	-0.990179	-3.667117	5.382822	-1.611748
-5.657697	5.317320	-0.976067	-6.094317	5.480830	-0.258835
-3.588185	4.906237	-2.268492	-3.667117	5.382822	-1.611748
1.124698	-4.895730	-0.315498	1.055814	-4.942860	-1.131997
5.488519	-0.005622	-3.078053	6.157132	0.179524	-3.591908
3.888597	1.832698	-0.028900	4.114603	1.166621	-0.437543
-0.388062	2.226049	1.648406	-0.098403	2.975382	1.772247
1.553778	1.804946	1.756697	2.388204	1.724400	1.701247
-2.247054	-4.658292	-0.895080	-2.349910	-3.889946	-0.833867
0.577001	4.033693	-1.095619	0.549421	4.432727	-1.799360
-1.715002	-2.271625	1.038036	-1.738390	-2.378926	0.232641
-1.972487	5.424302	4.676423	-1.331996	5.687698	4.349013
-0.357370	3.462041	-3.994134	0.238240	3.959183	-4.168496
-3.887915	4.183751	-5.133985	-3.929835	4.279368	-4.308720
-5.368089	2.515590	-2.804001	-4.921220	2.290629	-2.186672
-4.438634	3.702996	-5.463844	-4.636225	2.917529	-5.277973
4.915184	3.520766	-3.664726	4.954831	3.309934	-2.856021
-2.629062	0.960223	5.524595	-2.561837	0.456887	5.023404
-4.818311	2.840536	-4.550746	-4.105375	2.976088	-4.232825
-5.371349	0.791245	-4.151871	-5.605564	0.567238	-4.938624
-2.304489	-1.331334	3.741892	-2.241059	-1.328132	4.498453
-5.578748	-3.671674	-0.145735	-5.262417	-4.355494	-0.210178
-4.784483	4.030095	0.687351	-4.455442	3.530717	1.215785
-5.200470	1.480223	-3.812914	-4.395855	1.552391	-3.645037
-5.355425	2.131916	-3.557526	-5.492637	2.657122	-4.122990
5.655781	-4.042159	-5.483203	6.086164	-4.549179	-5.861957
-5.361427	3.789117	-2.229638	-5.696239	4.088150	-1.562406
4.102362	-1.319634	-3.968446	3.301431	-1.327321	-4.261651
-3.971677	-3.825028	-3.796645	-4.621634	-4.111850	-3.522697
2.730996	-3.136066	0.712732	2.381268	-3.589775	0.130879
2.548357	-3.488914	-0.648298	2.117140	-2.909610	-0.971157
0.763317	-2.776476	-0.446827	0.892397	-2.174537	0.087694
3.322412	1.339854	-3.220265	3.468035	1.636776	-3.957989
3.795565	3.695748	4.838038	4.445856	3.648428	5.295101
4.663870	4.263784	-3.966834	3.944394	4.108102	-4.254217
2.911003	3.152897	3.292689	3.576981	2.728758	3.108472
1.078128	1.836612	2.377449	0.978161	2.229847	3.014121
2.598990	2.307546	0.421863	3.162919	2.210084	-0.132401
-3.407684	-3.522108	-4.821209	-2.910350	-3.067941	-4.599588
-1.927828	4.319674	5.157726	-2.117288	4.676753	4.502197
-2.542620	-2.073459	-5.200214	-2.477632	-2.256936	-5.992805
-4.069829	-2.183224	-1.951344	-3.308518	-1.940575	-1.822621
-0.395202	-1.090920	-0.668534	-0.092926	-0.820584	-1.415709
-1.738390	-2.378926	0.232641	-1.169883	-2.198391	-0.340868
1.991094	3.501309	-1.255472	2.705441	3.248833	-0.955897
1.388745	-5.002952	-4.225557	1.342284	-4.760619	-3.454913
1.886343	-1.660965	1.906905	1.880342	-2.114025	1.193889
5.069797	-3.582548	-0.066315	4.645314	-2.996192	-0.359304
5.067030	4.820360	0.163777	5.471770	4.697692	0.850855
1.574145	4.201210	-4.269783	1.442531	4.976449	-4.591806
3.058297	4.675634	-3.358500	3.057888	4.535339	-2.549857
-0.282906	2.255844	3.801700	-0.903362	1.668776	3.771808
-1.229854	5.069830	2.026836	-0.490104	5.224234	2.068278
3.961622	3.807831	-1.127275	4.028208	3.843265	-1.893957
3.220676	3.775750	-0.807825	2.705441	3.248833	-0.955897
4.150048	5.213871	-2.114946	3.661633	5.882273	-2.123234
3.642667	-5.157731	-2.871692	4.087676	-4.619210	-3.274769
2.087846	-3.111149	-3.422878	2.453991	-3.771491	-3.211338
1.770942	5.685480	-4.399718	1.442531	4.976449	-4.591806
1.676876	3.367758	-2.546806	1.088820	3.729757	-2.941043
2.859437	5.459040	-3.658287	3.058297	4.675634	-3.358500
3.753101	4.500301	-2.181417	4.028208	3.843265	-1.893957
-3.321827	4.592129	-5.608385	-2.608102	4.536563	-5.321877
-0.770367	1.077099	4.293554	-0.078351	0.648255	4.378999
-0.770367	1.077099	4.293554	-1.326575	0.930104	4.790809
1.124698	-4.895730	-0.315498	1.831354	-4.803845	0.048232
0.763317	-2.776476	-0.446827	1.324236	-3.041294	-1.012811
1.812628	-0.814824	-0.530427	1.712682	-0.230489	0.068278
-3.589308	3.585193	3.891752	-2.843220	3.378793	3.864769
0.118923	0.045956	3.936337	-0.078351	0.648255	4.378999
-3.685645	-0.233188	5.136082	-4.461891	-0.147983	5.264832
-0.499326	-3.460757	-4.218555	-0.397711	-3.400159	-3.466945
1.224879	-3.024902	-2.347929	1.829300	-2.699374	-2.759262
0.129414	-2.257624	-4.526516	0.654185	-1.787764	-4.146024
4.426948	0.333190	-4.882780	5.215549	0.034196	-4.973938
-2.985711	0.778302	-4.753388	-3.696049	1.181951	-4.838201
-2.311048	2.258865	-3.907192	-2.053310	1.631931	-3.532975
-5.174099	-2.601230	5.682681	-5.023997	-2.465771	6.514746
1.120876	-0.037105	-2.471331	0.628695	0.571399	-2.304122
3.602227	-3.190961	-2.469366	4.127180	-3.498386	-1.933868
3.160945	-3.981956	-0.955779	3.779132	-3.525802	-1.205686
1.214530	-3.868315	4.889766	0.995961	-3.061360	5.010639
5.117428	-5.040954	-3.979237	5.700020	-4.542175	-4.189258
-1.747183	5.246179	-5.175116	-2.278639	4.944145	-4.815658
-3.923342	-1.959400	-3.466462	-3.740687	-2.302260	-4.224160
-0.212489	-5.003501	-4.882031	-0.878585	-4.524513	-4.989380
-1.961591	-3.959659	-4.153358	-2.346998	-3.299321	-4.267625
-4.651097	-4.178322	-2.253043	-3.883398	-4.280088	-2.078776
4.338485	2.599059	-5.189919	4.593867	2.320118	-4.459521
2.430140	-5.053557	-2.727456	2.065095	-4.527366	-3.136608
-2.311256	-1.016025	-3.115444	-3.054289	-1.155067	-2.893951
1.810232	2.384423	0.257757	1.336683	2.341989	-0.397497
-3.077907	0.393925	3.931873	-2.784058	-0.068947	3.240046
-4.949245	1.041803	1.776003	-4.821237	0.442214	1.263640
-1.700525	-0.377666	5.228024	-1.583714	-1.027809	4.842923
1.855041	-3.802636	3.565918	1.666454	-4.607485	3.573974
2.910569	4.930940	-5.581120	2.935022	5.569996	-5.102421
3.968728	-4.192597	-5.397822	4.045023	-5.027725	-5.343745
-3.188386	2.900983	-1.998428	-2.763076	3.263144	-2.555857
-1.199627	3.842390	-2.823108	-0.537221	3.550982	-3.192966
-2.581272	-5.132700	-3.341917	-2.312622	-4.949599	-2.659680
-1.610681	-5.622888	3.115550	-0.939420	-5.331742	3.040817
-0.811756	2.946611	-4.318952	-1.622133	3.105334	-4.427333
-3.523717	2.194205	2.939591	-4.141256	2.718078	3.011695
4.360659	-4.691892	4.690060	5.158044	-4.821429	4.621265
-4.011272	4.915028	-3.884917	-3.579537	5.562972	-3.956659
5.420057	-4.403633	-2.217823	5.166560	-5.010098	-2.681569
5.035261	3.860449	4.823197	4.445856	3.648428	5.295101
-4.045579	-5.419536	-4.364989	-3.817958	-5.147447	-5.047781
4.360659	-4.691892	4.690060	3.747937	-5.190020	4.696697
3.905170	1.432822	3.462474	4.643427	1.128010	3.317893
3.871330	2.537120	4.263693	4.577091	2.471831	4.465014
1.728610	1.665067	-1.481239	2.439431	1.307073	-1.312177
4.356172	-5.098335	2.473152	3.711681	-5.422390	2.831036
1.409882	-3.787412	0.993403	1.858431	-4.116676	0.395506
-1.828925	3.372931	2.439056	-2.137935	2.758484	2.096962
-1.969820	3.439668	0.392474	-1.599929	4.168971	0.419115
-1.144648	2.174683	1.477706	-0.388062	2.226049	1.648406
-1.052735	0.537574	-2.551630	-1.063026	0.174749	-1.827501
-3.839364	0.316543	-2.304441	-3.624137	1.037525	-2.558980
-2.150406	-0.530255	-1.272101	-2.897060	-0.618081	-1.722160
5.461388	4.868634	-1.561015	5.743761	4.088150	-1.562406
-4.467526	-0.082738	-2.634966	-3.839364	0.316543	-2.304441
2.446784	-1.084620	2.044508	2.946346	-0.833959	1.454613
-2.755449	-3.717242	-2.377882	-2.345576	-3.237161	-2.007664
-2.755449	-3.717242	-2.377882	-2.395061	-4.250967	-2.762674
-1.813423	0.747490	-0.984611	-2.497273	1.021446	-1.163913
0.998734	-2.017434	3.167080	1.076386	-1.895743	3.994197
-1.308199	-2.801473	3.035029	-0.974622	-2.165937	2.613588
1.643454	-0.375638	2.785171	1.057063	-0.893931	2.576060
-1.943882	-1.100475	-0.736045	-1.163691	-1.402206	-0.589392
-1.227032	1.052616	0.345623	-1.224695	1.034388	-0.479285
-1.813423	0.747490	-0.984611	-1.679867	0.110425	-1.359824
1.120876	-0.037105	-2.471331	1.543172	-0.008087	-3.185705
1.120876	-0.037105	-2.471331	1.124913	-0.614809	-1.900096
-0.479644	-4.641709	3.111899	0.156088	-4.681678	3.665536
2.714172	0.966857	2.906663	2.731854	1.056343	2.073906
-0.083413	-2.126187	1.044244	-0.465124	-2.861029	1.050766
2.587820	0.526964	-1.054421	2.845092	0.197882	-0.301576
0.025424	-3.429122	0.774637	-0.071224	-3.715367	0.090928
4.170544	3.391557	-5.426662	4.338485	2.599059	-5.189919
-2.466677	0.327024	-3.552628	-2.468258	1.073262	-3.155660
-4.094716	1.744665	5.385558	-3.537646	1.541345	4.866761
1.676876	3.367758	-2.546806	2.051795	3.783111	-2.001431
2.913663	-2.037119	5.357457	2.870050	-2.897010	5.359161
2.016943	-3.362000	-4.887612	2.748214	-3.323384	-5.312810
3.428898	2.105978	-2.071979	2.945572	1.953717	-1.426663
2.910569	4.930940	-5.581120	3.051996	4.232607	-5.306153
5.461388	4.868634	-1.561015	4.934591	5.207868	-2.086046
-3.589308	3.585193	3.891752	-4.143278	3.923091	4.274954
-5.421326	-2.720822	0.672078	-5.165727	-2.982093	-0.055901
-4.659296	-1.652775	2.242836	-5.333704	-1.846096	1.784381
-1.159816	1.420838	-5.483603	-0.560359	1.868505	-5.229182
1.643454	-0.375638	2.785171	2.356091	-0.800309	2.801383
0.941505	-4.845696	3.404296	1.032087	-5.382619	2.846861
5.114698	2.555706	-0.520352	5.177005	2.096682	0.096223
1.773228	1.517781	3.722186	1.653222	2.268088	3.430977
5.655781	-4.042159	-5.483203	5.552605	-3.972456	-4.696639
4.360659	-4.691892	4.690060	4.157333	-3.948986	4.784419
-4.143317	3.463180	-2.572607	-3.848462	2.784782	-2.321264
-4.904479	2.068831	0.464745	-4.490968	2.230580	-0.192915
3.634655	1.489108	5.587432	2.843287	1.723637	5.781962
3.995903	-3.090875	-0.598584	3.779132	-3.525802	-1.205686
3.428898	2.105978	-2.071979	3.131599	1.942251	-2.743624
-4.729063	4.509998	2.996092	-4.509197	5.029752	3.606954
4.394625	1.157939	-1.249843	4.114603	1.166621	-0.437543
2.945572	1.953717	-1.426663	2.930374	2.514201	-0.826554
0.687286	0.642435	-5.179278	1.356780	0.656660	-4.613900
-1.857302	-2.108253	-3.758050	-1.996214	-1.729356	-3.135630
-1.124086	-2.556002	-2.535293	-1.784675	-2.205174	-2.601857
-3.165758	0.832314	-0.836524	-3.420879	1.313783	-0.267624
5.490998	3.438633	2.325701	6.194406	3.008151	2.160722
-3.330720	2.756198	-0.608721	-3.735171	2.047240	-0.343021
-2.649808	4.609466	1.939833	-2.260064	4.777300	1.319008
-2.210099	3.766449	2.932812	-1.828925	3.372931	2.439056
-0.949321	3.870372	4.617761	-1.135992	4.381276	5.076844
3.747937	-5.190020	4.696697	3.125830	-5.074787	5.248016
3.145740	-5.198993	-1.639864	2.451287	-5.354342	-2.037743
3.437564	5.670384	0.973577	2.640377	5.734646	1.323333
2.640377	-5.705354	1.323333	2.031344	-6.198646	0.917145
2.379561	-5.346663	0.004776	2.282391	-6.125283	0.151481
0.017549	-5.694954	-2.266150	-0.710113	-5.476180	-1.941386
3.779132	-3.525802	-1.205686	4.127180	-3.498386	-1.933868
1.769842	-3.898757	2.162057	1.909702	-4.686977	2.082887
4.706460	-1.078317	3.855562	4.216047	-0.750073	3.305988
3.995903	-3.090875	-0.598584	4.645314	-2.996192	-0.359304
-1.582354	0.824397	-5.244855	-1.218985	0.100396	-5.137853
2.859437	5.459040	-3.658287	3.009415	6.011740	-3.136906
-5.413441	-3.488454	3.392639	-4.628783	-3.491172	3.394961
4.766271	-2.422344	4.275792	4.277898	-3.030146	3.896379
4.216000	-1.918780	-5.509399	4.737348	-1.756424	-6.056459
5.310490	-2.482200	0.758654	5.182865	-1.930124	0.374381
-3.613413	5.709093	0.680646	-4.070355	5.403437	1.248833
-5.168972	-4.916555	1.102238	-4.605596	-4.310143	1.214135
1.536828	4.318374	1.840969	1.383849	4.405358	2.645194
0.493444	-4.865067	-5.256574	-0.212489	-5.003501	-4.882031
1.069964	5.006119	5.492822	0.687398	5.598834	5.187353
5.215549	0.034196	-4.973938	5.420977	-0.756441	-5.128644
5.066793	-1.786378	3.873244	5.725869	-2.059975	3.603278
4.157333	-3.948986	4.784419	3.761539	-3.376460	4.369330
4.437421	-3.867601	5.486709	4.157333	-3.948986	4.784419
-3.102023	1.801678	3.542324	-3.523717	2.194205	2.939591
5.215549	0.034196	-4.973938	5.834436	0.567238	-4.938624
-4.105375	2.976088	-4.232825	-3.578527	2.365948	-4.336040
-1.700525	-0.377666	5.228024	-1.730697	-0.395126	5.988538
-0.659858	2.194967	-4.568237	-0.560359	1.868505	-5.229182
2.730180	2.625146	-3.851939	2.542235	2.403975	-3.058090
-4.138945	1.087377	-5.519493	-3.696049	1.181951	-4.838201
5.614530	-5.629515	2.245301	6.121993	-5.552786	1.583432
5.372637	1.100925	3.690500	5.749412	1.448340	3.080417
0.547226	0.907140	-3.516911	0.650953	1.193954	-2.834148
3.058297	4.675634	-3.358500	3.258762	4.064687	-3.856335
2.542235	2.403975	-3.058090	1.912652	2.592369	-2.627256
-3.324375	5.247305	0.126038	-3.613413	5.709093	0.680646
-3.821335	-4.037076	0.009889	-3.976923	-4.416950	0.684286
-4.605596	-4.310143	1.214135	-3.976923	-4.416950	0.684286
2.652135	4.289399	2.766028	3.096847	3.933205	3.289792
1.581155	3.643787	3.795964	1.062560	3.962562	3.228363
5.112825	2.068180	-1.112183	5.114698	2.555706	-0.520352
-1.747183	5.246179	-5.175116	-0.955375	5.116497	-5.242006
-2.386925	5.455521	3.242132	-2.355246	4.671139	3.733712
-4.636225	2.917529	-5.277973	-4.614711	2.350506	-5.856101
-2.390793	0.844527	-5.171074	-1.582354	0.824397	-5.244855
2.652135	4.289399	2.766028	2.561224	3.894747	1.985937
1.002916	5.435814	3.243460	1.032087	6.057381	2.846861
-3.817958	-5.147447	-5.047781	-3.149399	-4.655152	-5.042130
-4.307664	5.394134	5.441072	-4.985694	4.877683	5.364272
-2.106976	-4.767411	-4.016138	-1.848533	-5.546390	-3.871122
-4.735836	-3.738049	-2.833145	-4.651097	-4.178322	-2.253043
-2.106976	-4.767411	-4.016138	-2.399367	-4.768520	-4.762101
5.229297	-2.927921	2.595151	5.471587	-3.379109	1.993712
4.986412	-2.242727	-0.333422	5.182865	-1.930124	0.374381
5.229297	-2.927921	2.595151	5.668300	-2.764983	3.211566
5.081381	-1.071316	5.129769	5.698970	-0.844743	5.529957
-5.186785	-1.652062	-1.465815	-5.920439	-1.922077	-1.567391
4.731707	-1.147276	1.992495	4.451695	-0.625188	2.530062
5.180681	4.668071	1.584727	4.578629	5.184708	1.664438
5.167150	2.829290	-4.095448	4.593867	2.320118	-4.459521
0.259179	-0.681187	4.273501	0.118923	0.045956	3.936337
-4.818311	2.840536	-4.550746	-5.492637	2.657122	-4.122990
0.102075	-2.354146	-2.433557	0.271403	-1.611777	-2.624751
-2.755449	-3.717242	-2.377882	-3.295170	-3.995629	-2.579221
0.271403	-1.611777	-2.624751	0.217155	-1.489154	-3.465676
-1.488894	-1.556741	2.347058	-1.990403	-1.761402	1.689503
-0.884201	-2.266023	4.900837	-0.232734	-2.443293	5.349197
-1.707040	-5.457112	0.627477	-1.017615	-5.512459	0.370620
-1.604743	2.745785	0.261661	-1.281402	2.676460	-0.473112
-2.981624	-5.179637	4.794524	-2.402576	-5.543419	5.135847
2.785210	2.329230	1.242287	2.388204	1.724400	1.701247
-0.524175	2.688275	-0.704147	-1.281402	2.676460	-0.473112
-0.657751	0.832609	0.881906	0.039711	1.193261	1.035639
4.484701	-2.749941	2.525278	4.399562	-2.303791	1.868379
0.706734	-3.298046	2.713810	1.459651	-3.643485	2.899253
-0.180698	-2.162337	2.421701	-0.080977	-1.742414	1.717814
2.446784	-1.084620	2.044508	1.886343	-1.660965	1.906905
-1.199627	3.842390	-2.823108	-1.549366	4.583030	-2.836063
0.406036	1.139304	5.702020	0.046493	1.852547	5.707275
-0.811756	2.946611	-4.318952	-0.357370	3.462041	-3.994134
2.225366	-0.450983	-3.116164	2.351618	-1.298942	-3.169340
3.847037	-0.729222	-0.232110	4.377742	-0.722931	-0.810515
-5.639568	0.923328	-1.194266	-6.064219	0.454857	-1.691418
4.437421	-3.867601	5.486709	5.173288	-3.533711	5.597614
-4.529312	5.045254	-3.311458	-5.086971	5.485376	-3.550903
1.672336	-1.851786	5.229508	1.223372	-2.329620	4.714957
-0.365777	-1.795115	-4.870227	0.129414	-2.257624	-4.526516
-1.356895	-5.678573	-2.229024	-2.050720	-5.298481	-2.055992
-4.909633	5.610730	-1.060442	-4.123699	5.243145	-0.990179
-5.215115	4.631768	0.902942	-5.968230	4.697692	0.850855
-5.529121	1.700089	0.232718	-6.262995	2.096682	0.096223
5.024797	-2.258030	-2.097239	5.258229	-2.941795	-2.497215
-4.623753	0.523207	5.612000	-4.461891	-0.147983	5.264832
-2.649808	4.609466	1.939833	-2.444894	4.422061	2.661980
-3.400566	5.114761	4.368474	-2.815690	5.472716	3.762722
0.039711	1.193261	1.035639	0.081923	1.540280	1.697680
2.946346	-0.833959	1.454613	3.590031	-1.273404	1.139842
2.002422	0.962511	3.198457	1.478942	0.383837	2.923388
-3.821335	-4.037076	0.009889	-4.025456	-4.425252	-0.689559
-4.025456	-4.425252	-0.689559	-3.733473	-4.686287	-1.412235
4.833660	-3.916288	1.816177	5.471587	-3.379109	1.993712
5.173288	-3.533711	5.597614	5.479423	-2.850077	5.423586
-4.811586	-1.356770	4.544202	-4.250774	-1.774573	4.980485
-1.710663	-2.542632	3.681255	-1.563906	-2.572692	4.512409
5.558068	1.877370	5.119989	5.675520	1.083717	5.097976
4.468996	4.347998	-0.047243	4.539149	3.797521	-0.581687
4.381090	2.031846	1.270173	4.523163	2.019368	0.500489
-3.188386	2.900983	-1.998428	-3.848462	2.784782	-2.321264
3.145740	-5.198993	-1.639864	3.158507	-4.789929	-0.966984
4.915184	3.520766	-3.664726	4.663870	4.263784	-3.966834
1.459522	2.036882	-2.220303	1.912652	2.592369	-2.627256
1.190682	0.505508	-3.815439	0.547226	0.907140	-3.516911
0.455467	5.350838	3.777874	1.002916	5.435814	3.243460
-4.080712	-4.399376	5.023754	-3.810145	-3.656305	5.015794
-0.333675	5.138335	-4.771318	-0.955375	5.116497	-5.242006
-4.584435	-2.552046	-0.507614	-5.165727	-2.982093	-0.055901
-2.733972	-3.313593	-0.374608	-2.349910	-3.889946	-0.833867
-2.258255	-2.472010	-2.037064	-1.784675	-2.205174	-2.601857
3.952016	0.391848	4.601280	3.790020	0.684704	5.357819
-4.921220	2.290629	-2.186672	-5.122949	2.220120	-1.458624
0.956928	-1.075039	4.221015	0.259179	-0.681187	4.273501
-3.245027	0.848303	0.381275	-2.661637	1.113094	0.823553
-1.828925	3.372931	2.439056	-1.173181	3.732535	2.438462
-1.969820	3.439668	0.392474	-1.604743	2.745785	0.261661
2.652135	4.289399	2.766028	2.274513	5.009044	2.974545
2.089717	2.997891	3.494940	1.581155	3.643787	3.795964
3.905170	1.432822	3.462474	3.780358	2.194073	3.622969
5.029202	-1.059361	-0.707393	5.194776	-1.789558	-0.905848
4.684486	-4.126975	0.453532	5.069797	-3.582548	-0.066315
-5.718086	3.604752	-0.928785	-5.058442	3.406497	-0.571858
0.320069	4.030836	0.933695	-0.112241	4.130435	0.204071
-4.287403	4.679848	-2.690097	-4.680677	4.018416	-2.473318
4.365065	0.150353	2.337730	4.693994	0.771479	2.618759
4.381090	2.031846	1.270173	3.975398	2.556184	1.741192
2.561224	3.894747	1.985937	3.183919	3.728645	1.473283
5.355717	-1.467082	-4.702524	5.788222	-2.128460	-4.491533
-5.536796	1.198597	2.330687	-6.279886	1.163941	2.107804
-1.257834	-2.901335	1.339973	-1.531671	-3.482141	1.885263
-0.968865	-0.331219	2.570445	-1.180458	0.258675	2.053323
-3.748085	4.102430	2.053538	-3.752975	3.584831	1.484113
-4.250136	-2.995909	3.880999	-4.628783	-3.491172	3.394961
-2.162283	-2.867553	4.997062	-2.477632	-2.256936	5.447195
5.505307	-4.070395	3.498551	4.843125	-3.899844	3.002676
2.641868	-1.909895	-0.517833	1.994446	-1.533251	-0.215249
4.117381	-1.203295	-2.544346	3.755860	-0.595089	-2.079370
2.531015	4.906739	-0.519191	2.282391	5.314717	0.151481
-2.797131	-1.648877	5.018641	-2.241059	-1.328132	4.498453
-3.639475	-4.515626	3.127203	-3.596972	-5.142540	3.296240
0.197931	0.160539	3.182854	0.688457	0.641304	2.773306
-3.154969	-2.333682	3.168699	-3.928200	-2.387021	3.391769
-4.116662	-3.899838	2.954944	-3.639475	-4.515626	3.127203
-5.413120	-5.335361	3.610685	-5.693990	-5.720553	2.994577
1.769842	-3.898757	2.162057	1.863495	-3.458220	1.565025
2.531015	4.906739	-0.519191	3.128594	4.387562	-0.333518
1.581155	3.643787	3.795964	1.566186	3.934515	4.580067
-0.770367	1.077099	4.293554	-0.903362	1.668776	3.771808
-0.416422	-5.567354	-3.616848	-0.311116	-5.630309	-4.388429
-3.269954	-3.397342	2.364086	-3.203922	-2.614267	2.389366
3.834191	5.580418	3.500690	3.711681	6.017610	2.831036
4.196841	4.911143	3.654203	3.609969	4.359396	3.720424
5.117428	-5.040954	-3.979237	4.943898	-5.736154	-4.471574
3.795565	3.695748	4.838038	3.574746	4.317544	4.489038
2.488188	-5.242120	1.972223	2.640377	-5.705354	1.323333
-2.857986	-0.093946	2.478732	-3.113919	-0.702690	2.005860
-2.150406	-0.530255	-1.272101	-1.679867	0.110425	-1.359824
0.286071	-0.453344	0.485735	0.040200	-1.078309	0.035290
5.214474	5.619692	-2.687874	4.934591	5.207868	-2.086046
3.160945	-3.981956	-0.955779	3.158507	-4.789929	-0.966984
2.087846	-3.111149	-3.422878	2.045846	-2.876446	-4.189076
5.112825	2.068180	-1.112183	4.489573	1.898663	-1.517709
-5.168972	-4.916555	1.102238	-5.570524	-4.862889	0.388205
-2.386925	5.455521	3.242132	-3.093891	5.871362	2.907263
-4.307664	5.394134	5.441072	-3.600974	5.022609	5.142256
-2.092298	4.699816	0.569791	-2.260064	4.777300	1.319008
-1.707040	-5.457112	0.627477	-2.090175	-5.590402	-0.017032
4.045023	-5.027725	-5.343745	4.774443	-5.510869	-5.211445
4.915184	3.520766	-3.664726	5.167150	2.829290	-4.095448
3.384926	-5.344572	-5.466826	3.125830	-5.074787	-6.191984
2.911003	3.152897	3.292689	2.089717	2.997891	3.494940
5.372637	1.100925	3.690500	5.303648	0.777704	4.434849
-5.578748	-3.671674	-0.145735	-6.370203	-3.582548	-0.066315
3.725241	-5.233112	0.369212	3.437564	-5.769616	0.973577
-4.025456	-4.425252	-0.689559	-4.770283	-4.579908	-0.678996
4.381069	3.181935	-2.266580	4.028208	3.843265	-1.893957
3.315504	2.899738	1.483238	3.975398	2.556184	1.741192
2.733155	-0.808195	3.544656	3.474716	-0.493537	3.561596
5.081381	-1.071316	5.129769	4.856293	-0.638451	4.521488
4.766271	-2.422344	4.275792	4.996303	-2.374572	4.990223
-4.262368	2.203096	-2.473826	-4.921220	2.290629	-2.186672
-2.897060	-0.618081	-1.722160	-3.437339	-0.026155	-1.710367
-1.063026	0.174749	-1.827501	-0.376520	-0.112468	-1.629496
-3.028092	2.679583	-1.315123	-3.188386	2.900983	-1.998428
-2.365691	5.104417	-3.686780	-2.305704	4.729842	-3.054456
5.229297	-2.927921	2.595151	4.484701	-2.749941	2.525278
-4.970290	-1.686316	3.764406	-5.714131	-2.059975	3.603278
0.892526	4.856832	-5.148240	0.232441	4.622937	-4.689088
5.214474	5.619692	-2.687874	5.558800	5.365101	-3.425336
0.191934	3.878660	-0.455974	-0.112241	4.130435	0.204071
4.644046	-4.378382	2.405511	4.843125	-3.899844	3.002676
5.465157	3.263554	4.524166	5.139092	2.801411	4.036198
-5.718086	3.604752	-0.928785	-6.373607	3.289022	-0.645991
-0.802547	4.503624	0.363889	-0.112241	4.130435	0.204071
-2.242374	5.182666	-4.146807	-2.278639	4.944145	-4.815658
-2.563949	-5.125405	-1.500585	-2.247054	-4.658292	-0.895080
-5.013530	-0.769438	5.097670	-4.461891	-0.147983	5.264832
-3.536183	-1.448941	5.177844	-4.250774	-1.774573	4.980485
-5.341766	0.735393	-5.719447	-5.605564	0.567238	-4.938624
0.081923	1.540280	1.697680	0.556599	1.252995	2.292441
0.277436	-1.786395	0.379086	-0.083413	-2.126187	1.044244
4.578629	5.184708	1.664438	3.883141	5.029580	1.253596
-4.858234	5.279574	1.237774	-5.215115	4.631768	0.902942
-3.324375	5.247305	0.126038	-2.506185	5.265334	0.201422
3.576981	2.728758	3.108472	4.159269	2.762199	2.480964
1.436256	2.508210	0.885989	1.810232	2.384423	0.257757
-3.923342	-1.959400	-3.466462	-3.705998	-1.224225	-3.419131
-1.027605	-3.116647	-3.132847	-1.643012	-3.444378	-3.407443
-3.971677	-3.825028	-3.796645	-3.282404	-4.069743	-3.396981
-3.700950	3.650986	-3.155658	-3.895947	3.624456	-3.863372
-4.287403	4.679848	-2.690097	-4.529312	5.045254	-3.311458
-0.575451	1.365750	-0.863397	0.127416	0.999114	-1.029191
-0.072108	5.562523	1.003264	0.366241	6.175384	0.916917
1.581189	4.994503	2.990527	1.002916	5.435814	3.243460
2.845092	0.197882	-0.301576	2.427002	-0.026563	0.364556
-1.450310	1.537915	5.289541	-1.840844	2.171544	5.155044
0.687286	0.642435	-5.179278	0.406036	1.139304	-5.737980
-0.811756	2.946611	-4.318952	-0.659858	2.194967	-4.568237
-0.178425	4.391956	3.551990	-0.764726	4.284075	3.970515
3.834191	5.580418	3.500690	4.196841	4.911143	3.654203
0.609895	-4.769896	-3.073949	0.081776	-5.347837	-3.009691
-5.291491	3.164074	4.768481	-5.257908	2.449587	5.147335
4.381090	2.031846	1.270173	4.681803	1.375586	1.582635
-2.482796	3.904205	3.494470	-2.355246	4.671139	3.733712
4.102362	-1.319634	-3.968446	4.615957	-1.681590	-4.465478
-0.589677	-4.273958	-1.602333	-0.815744	-5.006395	-1.366750
4.986412	-2.242727	-0.333422	4.645314	-2.996192	-0.359304
1.553778	1.804946	1.756697	1.078128	1.836612	2.377449
-1.257318	1.538036	-3.499523	-2.053310	1.631931	-3.532975
-1.545981	-1.708531	-4.311640	-1.857302	-2.108253	-3.758050
-4.509197	5.029752	3.606954	-4.694011	5.790923	3.713022
3.847037	-0.729222	-0.232110	3.595535	-0.023927	-0.184563
1.755860	-0.562886	-1.358174	1.124913	-0.614809	-1.900096
0.271403	-1.611777	-2.624751	0.447008	-1.055436	-2.007310
-0.282906	2.255844	3.801700	0.250533	2.551912	3.271717
-0.447334	3.341719	2.395437	-1.173181	3.732535	2.438462
-4.069829	-2.183224	-1.951344	-4.304466	-2.395164	-2.777518
-2.940270	0.241289	-4.208160	-3.386022	-0.400821	-4.352992
0.687286	0.642435	-5.179278	0.204827	-0.008985	-5.184943
0.051355	3.281510	-2.723041	0.520965	3.859188	-2.425463
-4.262368	2.203096	-2.473826	-3.848462	2.784782	-2.321264
-1.105051	-3.423049	2.609109	-0.534167	-3.984501	2.731405
-2.763076	3.263144	-2.555857	-3.081162	3.842618	-2.766479
-1.257318	1.538036	-3.499523	-0.644136	1.578847	-4.022113
-4.194887	-3.060815	4.695389	-3.810145	-3.656305	5.015794
-5.093548	-0.364483	-2.123832	-4.467526	-0.082738	-2.634966
-5.639568	0.923328	-1.194266	-5.644645	1.708999	-1.273767
5.175997	-5.253691	0.138979	5.345683	-5.959170	-0.258835
-2.458685	2.629271	-5.212205	-2.078744	3.320454	-5.122760
-4.037207	4.690451	4.083990	-4.509197	5.029752	3.606954
-4.709563	3.688043	4.742641	-4.143278	3.923091	4.274954
1.536828	4.318374	1.840969	1.383322	4.827409	1.282164
-2.092298	4.699816	0.569791	-2.506185	5.265334	0.201422
1.964389	5.639717	-1.657271	1.213301	5.798650	-1.561864
1.088820	3.729757	-2.941043	0.992858	3.948679	-3.761988
1.964389	5.639717	-1.657271	2.311027	4.987240	-1.373190
5.158044	-4.821429	4.621265	5.551492	-4.745250	3.940848
5.505307	-4.070395	3.498551	6.026559	-3.488454	3.392639
3.641724	5.657647	4.244363	3.747937	6.249980	4.696697
2.548357	-3.488914	-0.648298	2.381268	-3.589775	0.130879
1.769842	-3.898757	2.162057	1.459651	-3.643485	2.899253
4.190650	-1.604119	1.650304	3.590031	-1.273404	1.139842
-4.320631	-2.673251	-4.542279	-5.023997	-2.465771	-4.925254
-0.837974	4.970497	5.440936	-0.449328	5.450456	4.929586
-2.157543	3.982602	-5.606689	-2.078744	3.320454	-5.122760
-3.353019	4.665645	1.930159	-3.558323	5.297624	1.790853
-3.400566	5.114761	4.368474	-4.037207	4.690451	4.083990
3.315504	2.899738	1.483238	3.183919	3.728645	1.473283
2.418029	3.705481	-5.282805	2.220135	3.332995	-5.923718
-5.489947	4.533601	2.783698	-4.729063	4.509998	2.996092
-4.998211	-5.020915	-1.230338	-5.273969	-4.558637	-1.866081
-4.605596	-4.310143	1.214135	-4.623907	-3.733071	1.725842
-1.700525	-0.377666	5.228024	-1.824937	0.333624	4.990604
5.324943	0.035134	0.581337	5.422135	-0.668363	0.393095
5.700020	-4.542175	-4.189258	5.552605	-3.972456	-4.696639
-5.174099	-2.601230	5.682681	-4.555371	-2.482161	5.139941
-4.716349	4.108073	5.458970	-4.438634	3.702996	5.976156
3.883240	0.428356	1.763358	4.385914	0.711694	1.273143
4.927785	2.986043	2.634830	5.490998	3.438633	2.325701
-4.578406	3.813707	-0.063884	-5.058442	3.406497	-0.571858
-2.784058	-0.068947	3.240046	-2.227705	-0.705929	3.253388
-5.093548	-0.364483	-2.123832	-5.746580	0.058742	-2.296781
3.888597	1.832698	-0.028900	4.523163	2.019368	0.500489
3.477582	-3.066483	0.652007	3.585274	-2.671798	-0.059612
5.194776	-1.789558	-0.905848	5.519561	-1.922077	-1.567391
2.802418	-0.063625	1.128581	2.427002	-0.026563	0.364556
1.348510	-1.641560	2.569967	1.057063	-0.893931	2.576060
3.578892	-1.332219	0.266171	3.286988	-1.960731	-0.097812
-4.601890	-2.157480	-1.290644	-5.186785	-1.652062	-1.465815
-4.651097	-4.178322	-2.253043	-5.273969	-4.558637	-1.866081
-1.491194	3.239541	-2.461464	-2.110554	3.136449	-2.928679
-0.677831	-4.685618	4.730901	-1.308394	-4.482193	5.074287
0.256689	5.448311	4.594290	0.687398	5.598834	5.187353
-2.815690	5.472716	3.762722	-2.695492	6.402904	3.741559
-1.450310	1.537915	5.289541	-1.326575	0.930104	4.790809
-2.157543	3.982602	-5.606689	-1.927828	4.319674	-6.282274
-5.174099	-2.601230	5.682681	-5.960577	-2.850077	5.423586
-4.262368	2.203096	-2.473826	-4.084385	1.566367	-2.898488
2.538495	5.577807	-4.399573	2.935022	5.569996	-5.102421
1.560209	4.700094	4.953378	1.566186	3.934515	4.580067
4.159269	2.762199	2.480964	3.975398	2.556184	1.741192
3.151386	-5.107929	-0.217152	2.379561	-5.346663	0.004776
-3.340828	2.119319	2.183474	-3.523717	2.194205	2.939591
-2.157543	3.982602	-5.606689	-2.608102	4.536563	-5.321877
-2.880527	2.694280	1.818885	-3.116516	3.181937	1.252432
-5.657898	-2.853021	-3.143100	-6.181771	-2.941795	-2.497215
2.311027	4.987240	-1.373190	2.531015	4.906739	-0.519191
0.518090	-2.962048	-2.583766	0.111438	-3.537080	-2.961042
-5.413120	-5.335361	3.610685	-5.888508	-4.745250	3.940848
1.374486	-1.790650	-4.588817	2.049684	-2.073663	-4.227916
-1.584821	1.750734	3.296894	-1.672527	1.556790	2.523519
0.036085	3.262639	2.968120	0.250533	2.551912	3.271717
4.394625	1.157939	-1.249843	4.489573	1.898663	-1.517709
4.102362	-1.319634	-3.968446	4.314841	-0.938184	-3.269018
0.102075	-2.354146	-2.433557	-0.535764	-2.600830	-2.073469
-3.028092	2.679583	-1.315123	-3.330720	2.756198	-0.608721
-3.929835	4.279368	-4.308720	-3.895947	3.624456	-3.863372
-3.839364	0.316543	-2.304441	-3.437339	-0.026155	-1.710367
2.777938	3.427557	-4.027423	3.258762	4.064687	-3.856335
2.738187	5.064538	5.097134	3.303011	4.986332	4.628257
-2.415830	-3.595154	5.050142	-3.159036	-3.724636	5.363823
0.102075	-2.354146	-2.433557	0.518090	-2.962048	-2.583766
1.383849	4.405358	2.645194	1.581189	4.994503	2.990527
0.688457	0.641304	2.773306	0.556599	1.252995	2.292441
-0.717395	-4.952772	-0.093109	-1.017615	-5.512459	0.370620
0.132212	-4.236192	-1.917452	0.812121	-4.240762	-1.538771
0.132212	-4.236192	-1.917452	-0.589677	-4.273958	-1.602333
-0.499326	-3.460757	-4.218555	-1.140079	-3.990532	-4.453538
-1.927828	4.319674	5.157726	-1.135992	4.381276	5.076844
2.730180	2.625146	-3.851939	2.853613	1.934836	-4.300774
5.022240	5.052455	-3.982193	4.663870	4.263784	-3.966834
-3.544143	0.198906	-1.037918	-3.967713	-0.107781	-0.522106
-2.797131	-1.648877	5.018641	-3.536183	-1.448941	5.177844
-2.829404	2.414930	-4.495481	-3.578527	2.365948	-4.336040
-5.144344	-0.899396	-1.531520	-5.186785	-1.652062	-1.465815
4.523163	2.019368	0.500489	5.177005	2.096682	0.096223
-2.542620	-2.073459	-5.200214	-2.082530	-1.529754	-4.842247
-3.240870	-3.959869	-5.336727	-3.149399	-4.655152	-5.042130
-1.961591	-3.959659	-4.153358	-2.523875	-4.427334	-3.688038
-3.277631	-1.228311	0.041254	-3.625098	-1.911354	0.476833
-5.194073	-0.531498	-0.820801	-5.795981	-0.723157	-0.356015
-0.395202	-1.090920	-0.668534	-1.163691	-1.402206	-0.589392
2.777938	3.427557	-4.027423	2.228945	3.776801	-4.508676
0.892526	4.856832	-5.148240	1.069964	5.006119	-5.947178
4.766271	-2.422344	4.275792	5.066793	-1.786378	3.873244
4.943898	5.703846	-4.471574	5.022240	5.052455	-3.982193
4.706460	-1.078317	3.855562	4.856293	-0.638451	4.521488
-2.090175	-5.590402	-0.017032	-1.864946	-5.098176	-0.519695
-0.903362	1.668776	3.771808	-1.584821	1.750734	3.296894
4.356172	-5.098335	2.473152	4.644046	-4.378382	2.405511
2.802418	-0.063625	1.128581	2.946346	-0.833959	1.454613
2.358945	-1.079763	4.264925	2.733155	-0.808195	3.544656
-3.081162	3.842618	-2.766479	-3.700950	3.650986	-3.155658
0.427711	-2.928695	5.560997	0.995961	-3.061360	5.010639
-2.563949	-5.125405	-1.500585	-3.311794	-5.332039	-1.510215
5.535376	4.981023	3.220734	5.950053	4.533601	2.783698
5.510125	4.183419	2.193173	5.950053	4.533601	2.783698
-1.063026	0.174749	-1.827501	-1.679867	0.110425	-1.359824
-0.657751	0.832609	0.881906	-1.227032	1.052616	0.345623
-5.421326	-2.720822	0.672078	-5.325200	-2.582451	1.371806
3.952016	0.391848	4.601280	4.761389	0.151180	4.519484
-3.277631	-1.228311	0.041254	-2.610680	-1.373169	-0.398218
-5.421326	-2.720822	0.672078	-6.129510	-2.482200	0.758654
-3.895091	-2.561433	-0.028514	-4.584435	-2.552046	-0.507614
-3.240870	-3.959869	-5.336727	-3.159036	-3.724636	-6.076177
-2.458685	2.629271	-5.212205	-2.451373	2.172445	-5.832040
-2.797131	-1.648877	5.018641	-2.477632	-2.256936	5.447195
-2.719481	-4.016672	2.484194	-2.887864	-4.511815	3.125080
3.961622	3.807831	-1.127275	4.539149	3.797521	-0.581687
3.888597	1.832698	-0.028900	3.162919	2.210084	-0.132401
-4.105375	2.976088	-4.232825	-3.895947	3.624456	-3.863372
-4.011272	4.915028	-3.884917	-3.929835	4.279368	-4.308720
2.730996	-3.136066	0.712732	2.142583	-2.879277	1.188998
1.586683	3.300192	5.050347	1.566186	3.934515	4.580067
0.020509	5.132895	1.513000	0.611170	4.737616	1.273329
-3.887915	4.183751	-5.133985	-4.438634	3.702996	-5.463844
-2.312622	-4.949599	-2.659680	-2.395061	-4.250967	-2.762674
2.099740	0.795075	-4.919142	2.357357	0.103575	-5.298651
1.057063	-0.893931	2.576060	0.324386	-0.716585	2.378666
0.326393	3.867359	3.249816	1.062560	3.962562	3.228363
1.608929	-1.927303	0.372033	0.892397	-2.174537	0.087694
1.863495	-3.458220	1.565025	2.142583	-2.879277	1.188998
2.910569	4.930940	-5.581120	2.738187	5.064538	-6.342866
5.465157	3.263554	4.524166	5.035261	3.860449	4.823197
1.586683	3.300192	5.050347	2.220135	3.332995	5.516282
4.216047	-0.750073	3.305988	4.451695	-0.625188	2.530062
5.081381	-1.071316	5.129769	4.737348	-1.756424	5.383541
5.668300	-2.764983	3.211566	5.725869	-2.059975	3.603278
-0.603726	2.111108	-1.118288	-0.524175	2.688275	-0.704147
-0.388062	2.226049	1.648406	0.081923	1.540280	1.697680
-3.295170	-3.995629	-2.579221	-3.282404	-4.069743	-3.396981
-2.981624	-5.179637	4.794524	-2.465959	-4.748478	4.348805
5.700020	-4.542175	-4.189258	6.419148	-4.628639	-3.868995
2.748214	-3.323384	-5.312810	3.486013	-3.682555	-4.990684
-2.719481	-4.016672	2.484194	-2.110182	-4.092878	1.922855
-1.563906	-2.572692	4.512409	-0.884201	-2.266023	4.900837
2.956757	-5.414204	2.605161	2.488188	-5.242120	1.972223
1.383322	4.827409	1.282164	0.611170	4.737616	1.273329
-1.227032	1.052616	0.345623	-1.878937	1.396473	0.654284
-5.282868	0.179524	-3.591908	-4.566850	-0.207083	-3.471715
4.731707	-1.147276	1.992495	5.380593	-1.421708	1.624452
-4.250136	-2.995909	3.880999	-4.194887	-3.060815	4.695389
4.706460	-1.078317	3.855562	5.066793	-1.786378	3.873244
1.673108	-0.653127	4.461657	0.956928	-1.075039	4.221015
-4.080712	-4.399376	5.023754	-4.623823	-4.707651	5.430461
-5.291491	3.164074	4.768481	-5.974843	3.263554	4.524166
-0.080977	-1.742414	1.717814	-0.083413	-2.126187	1.044244
-3.277631	-1.228311	0.041254	-3.613081	-0.465704	0.029458
-0.080977	-1.742414	1.717814	0.009727	-0.943110	1.724287
-0.534167	-3.984501	2.731405	-0.479644	-4.641709	3.111899
0.706734	-3.298046	2.713810	0.502795	-2.512463	2.782869
2.968821	-3.330383	4.602018	2.312854	-3.680483	4.212087
3.574746	4.317544	4.489038	3.303011	4.986332	4.628257
3.728457	3.924101	-5.003591	3.944394	4.108102	-4.254217
-2.577105	0.585590	2.084551	-2.950566	1.086225	1.576675
4.986412	-2.242727	-0.333422	5.194776	-1.789558	-0.905848
5.519561	-1.922077	-1.567391	5.024797	-2.258030	-2.097239
4.437421	-3.867601	5.486709	3.968728	-4.192597	6.042178
-2.345576	-3.237161	-2.007664	-1.923179	-3.587621	-1.452519
-4.011272	4.915028	-3.884917	-4.529312	5.045254	-3.311458
2.228945	3.776801	-4.508676	1.574145	4.201210	-4.269783
3.418442	0.535587	-3.211411	3.322412	1.339854	-3.220265
-4.659296	-1.652775	2.242836	-4.565088	-1.833817	3.103321
2.859437	5.459040	-3.658287	2.538495	5.577807	-4.399573
3.602227	-3.190961	-2.469366	3.551185	-2.394405	-2.226520
3.477582	-3.066483	0.652007	4.161868	-3.215719	0.967232
2.744596	2.812840	5.174480	2.442634	2.125617	5.318903
1.348510	-1.641560	2.569967	0.998734	-2.017434	3.167080
4.684486	-4.126975	0.453532	4.567797	-3.788000	1.103866
3.642667	-5.157731	-2.871692	3.661633	-5.557727	-2.123234
-0.662570	5.339592	0.553309	-1.017615	5.927541	0.370620
-1.362657	4.537568	2.521339	-1.733994	4.756708	3.243870
-4.623907	-3.733071	1.725842	-5.273718	-3.256975	1.703194
-2.710031	-1.479157	1.842353	-3.219363	-2.071435	1.871310
-3.558323	5.297624	1.790853	-3.235528	5.852062	2.142985
-2.465959	-4.748478	4.348805	-2.020484	-4.249571	4.838919
5.535376	4.981023	3.220734	5.000579	4.842768	3.790005
-2.629062	0.960223	5.524595	-2.390793	0.844527	6.268926
-2.458685	2.629271	-5.212205	-2.829404	2.414930	-4.495481
-2.629062	0.960223	5.524595	-2.913127	1.624841	5.314194
1.213301	-5.641350	-1.561864	0.571997	-6.145540	-1.883920
3.151386	-5.107929	-0.217152	3.158507	-4.789929	-0.966984
-3.093891	-5.568638	2.907263	-3.596972	-5.142540	3.296240
0.992858	3.948679	-3.761988	0.238240	3.959183	-4.168496
0.623250	-5.046654	5.415804	0.493444	-4.865067	6.183426
2.738187	5.064538	5.097134	2.097295	5.263698	4.830071
-1.257318	1.538036	-3.499523	-0.918833	1.373398	-2.778422
-0.513861	1.996886	-2.404675	0.151531	2.411225	-2.583359
3.582258	0.261158	3.896516	3.474716	-0.493537	3.561596
2.714172	0.966857	2.906663	3.351807	0.881760	3.410060
1.269064	-0.799586	-5.568280	0.489122	-0.612120	-5.549355
-0.449443	0.233823	-4.102840	-0.672495	-0.308702	-3.651227
5.670087	3.203120	-2.640481	6.071911	2.515590	-2.804001
-4.094716	1.744665	5.385558	-4.614711	2.350506	5.583899
-5.020852	-4.628639	-3.868995	-4.726416	-5.309828	-3.940646
1.769769	-0.192423	5.634327	2.357357	0.103575	6.141349
5.355717	-1.467082	-4.702524	5.420977	-0.756441	-5.128644
4.426948	0.333190	-4.882780	4.292305	0.762205	-4.228635
1.132997	2.623500	5.083384	0.345116	2.381266	5.147302
-1.622133	3.105334	-4.427333	-2.078744	3.320454	-5.122760
-2.410886	4.926812	3.243300	-1.733994	4.756708	3.243870
0.518090	-2.962048	-2.583766	1.224879	-3.024902	-2.347929
2.621145	-1.558245	-3.919471	3.301431	-1.327321	-4.261651
1.666454	-4.607485	3.573974	0.941505	-4.845696	3.404296
0.672582	-4.923409	1.576074	1.139956	-5.035888	2.151158
-0.934090	3.097384	4.614694	-0.949321	3.870372	4.617761
0.161598	-3.853563	2.374736	0.462727	-4.179565	1.712677
1.560209	4.700094	4.953378	2.097295	5.263698	4.830071
1.190682	0.505508	-3.815439	1.356780	0.656660	-4.613900
1.268131	-3.730406	-4.945204	2.016943	-3.362000	-4.887612
0.143997	0.504456	-1.649602	-0.376520	-0.112468	-1.629496
2.307009	-2.016932	-2.645290	2.782849	-2.193634	-1.976662
2.087846	-3.111149	-3.422878	1.829300	-2.699374	-2.759262
-4.998211	-5.020915	-1.230338	-4.770283	-4.579908	-0.678996
-3.841892	4.032038	-0.215450	-3.781925	4.821090	-0.387420
1.560209	4.700094	4.953378	1.069964	5.006119	5.492822
-0.212489	-5.003501	-4.882031	-0.311116	-5.630309	-4.388429
0.081776	-5.347837	-3.009691	-0.416422	-5.567354	-3.616848
-2.840823	1.227059	-2.466439	-2.468258	1.073262	-3.155660
-3.910295	1.656775	-4.260674	-3.696049	1.181951	-4.838201
-3.910295	1.656775	-4.260674	-4.395855	1.552391	-3.645037
1.374486	-1.790650	-4.588817	1.444902	-1.524408	-5.415605
3.761539	-3.376460	4.369330	4.277898	-3.030146	3.896379
2.968821	-3.330383	4.602018	2.870050	-2.897010	5.359161
-3.097920	-0.675378	-5.088423	-2.282158	-0.874346	-5.115610
-1.997813	-2.880462	-3.861691	-2.346998	-3.299321	-4.267625
1.855041	-3.802636	3.565918	2.312854	-3.680483	4.212087
-5.262417	-4.355494	-0.210178	-4.770283	-4.579908	-0.678996
4.292305	0.762205	-4.228635	4.208027	1.589068	-4.238570
4.292305	0.762205	-4.228635	4.190824	0.337976	-3.540603
-1.189897	-0.020494	-3.160012	-1.988001	-0.271927	-3.266508
-3.308518	-1.940575	-1.822621	-3.094546	-1.249579	-2.145911
5.029202	-1.059361	-0.707393	5.644019	-0.723157	-0.356015
-0.480061	5.476627	2.811712	-0.490104	5.224234	2.068278
-3.562840	-4.987835	0.948855	-3.976923	-4.416950	0.684286
0.132344	3.095646	-0.607230	0.191934	3.878660	-0.455974
0.017549	-5.694954	-2.266150	0.571997	-6.145540	-1.883920
-2.840823	1.227059	-2.466439	-2.573610	1.531497	-1.713592
-2.466677	0.327024	-3.552628	-2.940270	0.241289	-4.208160
-2.466677	0.327024	-3.552628	-1.988001	-0.271927	-3.266508
-2.282158	-0.874346	-5.115610	-1.730697	-0.395126	-5.451462
0.427711	-2.928695	5.560997	-0.232734	-2.443293	5.349197
0.129414	-2.257624	-4.526516	0.042827	-3.016569	-4.609168
-4.721976	0.015422	-0.627059	-5.230218	0.616144	-0.592634
1.676876	3.367758	-2.546806	1.912652	2.592369	-2.627256
5.422135	-0.668363	0.393095	5.326694	-1.284617	0.793935
-2.784058	-0.068947	3.240046	-2.857986	-0.093946	2.478732
-1.531460	-0.809255	2.734759	-0.968865	-0.331219	2.570445
4.381069	3.181935	-2.266580	4.954831	3.309934	-2.856021
4.150048	5.213871	-2.114946	3.753101	4.500301	-2.181417
0.938536	0.035097	0.227544	0.810350	0.811644	0.111229
0.767941	1.160069	-0.565352	0.127416	0.999114	-1.029191
2.538495	5.577807	-4.399573	1.770942	5.685480	-4.399718
-3.827526	-0.634551	1.626746	-4.092010	-1.321416	1.763958
4.681803	1.375586	1.582635	5.160114	1.163941	2.107804
-3.565924	1.558958	1.763957	-3.340828	2.119319	2.183474
-3.781925	4.821090	-0.387420	-4.123699	5.243145	-0.990179
5.242453	-3.270949	-4.378467	5.552605	-3.972456	-4.696639
-4.623753	0.523207	5.612000	-4.138945	1.087377	5.920507
-3.740687	-2.302260	-4.224160	-3.065714	-2.381996	-4.704756
-4.819155	2.911301	1.523538	-5.245594	3.008151	2.160722
-3.028092	2.679583	-1.315123	-2.395775	2.232445	-1.409322
5.139092	2.801411	4.036198	4.577091	2.471831	4.465014
2.583081	1.480955	-4.921085	2.853613	1.934836	-4.300774
-4.970290	-1.686316	3.764406	-4.565088	-1.833817	3.103321
-1.052735	0.537574	-2.551630	-0.918833	1.373398	-2.778422
0.628695	0.571399	-2.304122	0.143997	0.504456	-1.649602
-4.455442	3.530717	1.215785	-3.752975	3.584831	1.484113
-4.376600	1.586778	1.599247	-4.949245	1.041803	1.776003
3.384926	-5.344572	-5.466826	4.045023	-5.027725	-5.343745
-1.417911	5.518702	3.704234	-1.331996	5.687698	4.349013
-0.062386	5.113797	3.370906	-0.480061	5.476627	2.811712
4.615957	-1.681590	-4.465478	5.355717	-1.467082	-4.702524
1.388745	-5.002952	-4.225557	1.069953	-4.529054	-4.806110
4.207566	-0.308448	-1.503586	3.755860	-0.595089	-2.079370
2.142583	-2.879277	1.188998	1.880342	-2.114025	1.193889
-5.194073	-0.531498	-0.820801	-4.721976	0.015422	-0.627059
2.031344	5.241354	0.917145	2.282391	5.314717	0.151481
0.512061	-4.909012	0.201351	1.124698	-4.895730	-0.315498
-0.397711	-3.400159	-3.466945	0.111438	-3.537080	-2.961042
0.609895	-4.769896	-3.073949	1.342284	-4.760619	-3.454913
-4.784483	4.030095	0.687351	-5.215115	4.631768	0.902942
5.066393	3.289022	-0.645991	4.539149	3.797521	-0.581687
5.422135	-0.668363	0.393095	5.644019	-0.723157	-0.356015
-4.694011	-5.649077	3.713022	-4.037195	-5.256961	3.870661
4.943898	5.703846	-4.471574	4.774443	5.929131	-5.211445
1.769769	-0.192423	5.634327	1.554659	0.010995	4.868290
-4.139197	4.029366	2.725773	-4.729063	4.509998	2.996092
5.067030	4.820360	0.163777	5.345683	5.480830	-0.258835
-3.432063	-0.788580	5.592368	-3.536183	-1.448941	5.177844
0.938536	0.035097	0.227544	0.286071	-0.453344	0.485735
-1.989347	2.930578	-3.694516	-1.622133	3.105334	-4.427333
-4.811586	-1.356770	4.544202	-5.013530	-0.769438	5.097670
-1.308199	-2.801473	3.035029	-1.710663	-2.542632	3.681255
3.421259	2.976715	4.771434	3.871330	2.537120	4.263693
4.793343	2.113697	5.108564	4.577091	2.471831	4.465014
-5.282868	0.179524	-3.591908	-5.371349	0.791245	-4.151871
4.590869	0.423547	-1.489385	5.375781	0.454857	-1.691418
-0.092926	-0.820584	-1.415709	-0.376520	-0.112468	-1.629496
0.277436	-1.786395	0.379086	0.040200	-1.078309	0.035290
3.100394	-0.273199	-5.234105	3.265444	-1.045819	-5.031352
3.725241	-5.233112	0.369212	3.151386	-5.107929	-0.217152
-1.848533	-5.546390	-3.871122	-1.185896	-5.743592	-3.431326
-0.397711	-3.400159	-3.466945	-1.027605	-3.116647	-3.132847
-3.400566	5.114761	4.368474	-3.600974	5.022609	5.142256
-2.399367	-4.768520	-4.762101	-3.149399	-4.655152	-5.042130
-2.025752	-4.132669	-3.412079	-2.395061	-4.250967	-2.762674
-4.893506	-2.985846	-2.915414	-5.657898	-2.853021	-3.143100
-5.536796	1.198597	2.330687	-4.949245	1.041803	1.776003
-1.996214	-1.729356	-3.135630	-1.784675	-2.205174	-2.601857
-3.669014	0.109073	0.555872	-4.147817	-0.045307	1.217298
1.213301	-5.641350	-1.561864	1.055814	-4.942860	-1.131997
0.812121	-4.240762	-1.538771	1.055814	-4.942860	-1.131997
1.436256	2.508210	0.885989	1.309948	3.174986	1.325202
-0.765630	2.243012	-1.836281	-1.371055	2.746237	-1.860679
1.755860	-0.562886	-1.358174	2.480635	-0.141135	-1.584934
0.512061	-4.909012	0.201351	0.366241	-5.264616	0.916917
-0.939420	-5.331742	3.040817	-0.479644	-4.641709	3.111899
0.025424	-3.429122	0.774637	0.630493	-3.749125	1.101952
4.731020	-0.211041	-3.274124	4.190824	0.337976	-3.540603
2.225366	-0.450983	-3.116164	2.881246	-0.019601	-2.946814
3.468035	1.636776	-3.957989	4.208027	1.589068	-4.238570
-2.210099	3.766449	2.932812	-2.482796	3.904205	3.494470
2.469834	4.418771	-1.992931	3.057888	4.535339	-2.549857
-1.813423	0.747490	-0.984611	-1.224695	1.034388	-0.479285
-3.020290	-5.063749	1.536421	-3.562840	-4.987835	0.948855
0.455467	5.350838	3.777874	-0.062386	5.113797	3.370906
-0.677831	-4.685618	4.730901	-0.790183	-5.429323	4.691482
-1.672910	2.708288	4.622151	-1.840844	2.171544	5.155044
-1.610681	-5.622888	3.115550	-1.417911	-5.921298	3.704234
-4.248501	-5.333102	-5.688315	-4.623823	-4.707651	-6.009539
-2.020484	-4.249571	4.838919	-1.308394	-4.482193	5.074287
-0.802859	-1.518850	-4.327754	-0.365777	-1.795115	-4.870227
-0.395202	-1.090920	-0.668534	0.040200	-1.078309	0.035290
5.649665	-2.687287	-3.917330	5.782102	-2.853021	-3.143100
0.326393	3.867359	3.249816	0.036085	3.262639	2.968120
0.455467	5.350838	3.777874	0.256689	5.448311	4.594290
-4.037195	-5.256961	3.870661	-3.596972	-5.142540	3.296240
-3.821335	-4.037076	0.009889	-3.500979	-3.306382	-0.114268
1.309948	3.174986	1.325202	1.863409	3.678689	1.699752
-0.164464	-4.469068	0.048110	-0.717395	-4.952772	-0.093109
-0.837974	4.970497	5.440936	-0.955375	5.116497	6.197994
-3.020290	-5.063749	1.536421	-2.273221	-4.780444	1.598710
-2.321799	-2.695745	-0.200538	-2.556076	-2.102001	-0.696793
-1.105051	-3.423049	2.609109	-1.531671	-3.482141	1.885263
-2.365691	5.104417	-3.686780	-2.242374	5.182666	-4.146807
-3.588185	4.906237	-2.268492	-2.963465	4.553995	-2.693477
-4.716349	4.108073	5.458970	-4.985694	4.877683	5.364272
5.303648	0.777704	4.434849	5.675520	1.083717	5.097976
-5.657697	5.317320	-0.976067	-5.978612	4.868634	-1.561015
0.502795	-2.512463	2.782869	-0.180698	-2.162337	2.421701
3.578892	-1.332219	0.266171	3.590031	-1.273404	1.139842
-5.291491	3.164074	4.768481	-4.709563	3.688043	4.742641
5.633389	5.094833	5.187758	5.229723	4.623383	4.599053
-1.189897	-0.020494	-3.160012	-1.052735	0.537574	-2.551630
-3.308518	-1.940575	-1.822621	-2.687366	-2.181230	-1.479631
1.672336	-1.851786	5.229508	1.444902	-1.524408	6.024395
2.049684	-2.073663	-4.227916	2.045846	-2.876446	-4.189076
0.489122	-0.612120	-5.549355	0.204827	-0.008985	-5.184943
-0.178425	4.391956	3.551990	0.326393	3.867359	3.249816
-3.102023	1.801678	3.542324	-3.247000	1.247405	4.058624
0.992858	3.948679	-3.761988	1.574145	4.201210	-4.269783
4.087676	-4.619210	-3.274769	4.763411	-4.870985	-3.330479
-0.535764	-2.600830	-2.073469	-0.725454	-2.908230	-1.401640
-2.365691	5.104417	-3.686780	-2.848486	5.685561	-3.652836
-2.288841	2.793952	4.063591	-2.843220	3.378793	3.864769
-2.227705	-0.705929	3.253388	-2.304489	-1.331334	3.741892
-1.584821	1.750734	3.296894	-2.322254	2.104945	3.631998
-2.910350	-3.067941	-4.599588	-2.346998	-3.299321	-4.267625
0.291410	-4.176412	-2.693350	0.111438	-3.537080	-2.961042
-1.672527	1.556790	2.523519	-1.780395	0.792235	2.220953
-1.218985	0.100396	-5.137853	-1.730697	-0.395126	-5.451462
-0.449443	0.233823	-4.102840	-0.514447	0.101214	-4.816714
2.956757	-5.414204	2.605161	3.711681	-5.422390	2.831036
2.730180	2.625146	-3.851939	2.777938	3.427557	-4.027423
-4.490968	2.230580	-0.192915	-3.735171	2.047240	-0.343021
-4.455442	3.530717	1.215785	-4.819155	2.911301	1.523538
-4.141256	2.718078	3.011695	-3.946357	3.408386	3.240293
-3.923342	-1.959400	-3.466462	-4.304466	-2.395164	-2.777518
-4.248501	-5.333102	-5.688315	-3.817958	-5.147447	-5.047781
-2.090175	-5.590402	-0.017032	-2.506185	-6.174666	0.201422
-4.084385	1.566367	-2.898488	-4.395855	1.552391	-3.645037
-5.693990	5.719447	2.994577	-5.825470	5.810485	2.245301
2.418029	3.705481	-5.282805	3.051996	4.232607	-5.306153
0.491729	3.373695	1.357299	1.309948	3.174986	1.325202
5.112825	2.068180	-1.112183	5.795355	1.708999	-1.273767
3.428898	2.105978	-2.071979	4.123564	2.401095	-1.969958
-1.864946	-5.098176	-0.519695	-1.078972	-5.021605	-0.685761
-3.500979	-3.306382	-0.114268	-2.733972	-3.313593	-0.374608
-2.880527	2.694280	1.818885	-2.137935	2.758484	2.096962
2.226299	-5.440919	4.513935	2.476277	-4.782189	4.923386
-0.164464	-4.469068	0.048110	-0.071224	-3.715367	0.090928
0.623250	-5.046654	5.415804	0.643964	-4.435268	4.867486
4.170544	3.391557	-5.426662	4.445856	3.648428	-6.144899
5.167150	2.829290	-4.095448	5.947363	2.657122	-4.122990
3.728457	3.924101	-5.003591	4.170544	3.391557	-5.426662
2.356091	-0.800309	2.801383	2.733155	-0.808195	3.544656
-5.452663	0.421382	0.709887	-5.405033	0.939249	0.118473
-0.150652	-0.382882	1.193072	-0.688827	0.234154	1.369272
4.381069	3.181935	-2.266580	4.123564	2.401095	-1.969958
0.922428	2.916083	-0.633826	1.336683	2.341989	-0.397497
-1.531671	-3.482141	1.885263	-2.110182	-4.092878	1.922855
-5.144344	-0.899396	-1.531520	-5.194073	-0.531498	-0.820801
4.643427	1.128010	3.317893	5.372637	1.100925	3.690500
-5.368089	2.515590	-2.804001	-5.355425	2.131916	-3.557526
-4.116662	-3.899838	2.954944	-4.628783	-3.491172	3.394961
5.505307	-4.070395	3.498551	5.551492	-4.745250	3.940848
2.587820	0.526964	-1.054421	2.439431	1.307073	-1.312177
-4.970290	-1.686316	3.764406	-4.811586	-1.356770	4.544202
-0.688827	0.234154	1.369272	-1.180458	0.258675	2.053323
-2.577105	0.585590	2.084551	-2.857986	-0.093946	2.478732
-3.054289	-1.155067	-2.893951	-3.094546	-1.249579	-2.145911
-1.144648	2.174683	1.477706	-1.668114	2.167306	2.047139
1.554659	0.010995	4.868290	1.253691	0.775336	4.731369
-2.497273	1.021446	-1.163913	-2.573610	1.531497	-1.713592
-2.150406	-0.530255	-1.272101	-1.943882	-1.100475	-0.736045
-0.178425	4.391956	3.551990	-0.062386	5.113797	3.370906
-2.563949	-5.125405	-1.500585	-2.050720	-5.298481	-2.055992
-2.963465	4.553995	-2.693477	-2.305704	4.729842	-3.054456
5.324943	0.035134	0.581337	4.596024	0.425513	0.626891
4.626028	-2.672829	1.194156	4.161868	-3.215719	0.967232
-4.250136	-2.995909	3.880999	-3.928200	-2.387021	3.391769
5.229723	4.623383	4.599053	5.035261	3.860449	4.823197
4.684486	-4.126975	0.453532	4.481012	-4.880730	0.326531
2.572443	-2.240826	-1.196905	2.782849	-2.193634	-1.976662
4.408511	-2.305692	-4.831783	4.615957	-1.681590	-4.465478
1.336683	2.341989	-0.397497	1.276793	1.686903	-0.832075
0.767941	1.160069	-0.565352	0.810350	0.811644	0.111229
1.747941	2.015811	4.937525	1.132997	2.623500	5.083384
2.913663	-2.037119	5.357457	3.457639	-1.686845	5.863505
-3.165758	0.832314	-0.836524	-3.544143	0.198906	-1.037918
-3.420879	1.313783	-0.267624	-3.735171	2.047240	-0.343021
1.223372	-2.329620	4.714957	0.995961	-3.061360	5.010639
3.853047	-3.573951	-4.316424	3.486013	-3.682555	-4.990684
-0.397058	-1.033319	-3.761145	-0.672495	-0.308702	-3.651227
-5.093548	-0.364483	-2.123832	-5.144344	-0.899396	-1.531520
-2.434322	-2.093024	3.506376	-2.304489	-1.331334	3.741892
0.654185	-1.787764	-4.146024	0.217155	-1.489154	-3.465676
-1.668114	2.167306	2.047139	-2.137935	2.758484	2.096962
5.535376	4.981023	3.220734	5.746010	5.719447	2.994577
-1.280960	-4.591086	-5.605724	-0.878585	-4.524513	-4.989380
-2.311048	2.258865	-3.907192	-2.829404	2.414930	-4.495481
-2.985711	0.778302	-4.753388	-2.390793	0.844527	-5.171074
-4.194887	-3.060815	4.695389	-4.555371	-2.482161	5.139941
-2.542620	-2.073459	-5.200214	-3.065714	-2.381996	-4.704756
4.763411	-4.870985	-3.330479	5.166560	-5.010098	-2.681569
4.737348	-1.756424	5.383541	4.996303	-2.374572	4.990223
-3.949924	-3.333852	-4.365952	-3.407684	-3.522108	-4.821209
5.300741	-5.699148	5.582792	5.540349	-5.023674	5.278785
1.459522	2.036882	-2.220303	1.728610	1.665067	-1.481239
1.672336	-1.851786	5.229508	2.414723	-1.635840	4.903850
1.409882	-3.787412	0.993403	0.630493	-3.749125	1.101952
-4.376600	1.586778	1.599247	-4.710349	2.224734	1.190558
-4.037207	4.690451	4.083990	-4.143278	3.923091	4.274954
-2.610680	-1.373169	-0.398218	-2.556076	-2.102001	-0.696793
5.214474	5.619692	-2.687874	5.166560	6.429902	-2.681569
-1.989347	2.930578	-3.694516	-2.311048	2.258865	-3.907192
4.105318	0.519106	-0.000252	4.596024	0.425513	0.626891
4.626028	-2.672829	1.194156	4.399562	-2.303791	1.868379
4.643427	1.128010	3.317893	4.693994	0.771479	2.618759
1.608929	-1.927303	0.372033	1.880342	-2.114025	1.193889
-2.247054	-4.658292	-0.895080	-1.864946	-5.098176	-0.519695
-2.273221	-4.780444	1.598710	-1.949531	-5.362187	1.321738
-2.321799	-2.695745	-0.200538	-2.733972	-3.313593	-0.374608
3.042680	-0.268201	-2.177360	3.755860	-0.595089	-2.079370
-1.356895	-5.678573	-2.229024	-1.390356	-6.177220	-2.729305
-2.395775	2.232445	-1.409322	-1.727139	2.543942	-1.204324
-4.904479	2.068831	0.464745	-5.529121	1.700089	0.232718
-0.644136	1.578847	-4.022113	-0.152860	0.950748	-3.874921
-3.190426	0.156831	4.650343	-3.685645	-0.233188	5.136082
-0.514447	0.101214	-4.816714	-1.218985	0.100396	-5.137853
1.409882	-3.787412	0.993403	1.863495	-3.458220	1.565025
0.938536	0.035097	0.227544	1.712682	-0.230489	0.068278
-1.390356	5.262780	-2.729305	-1.185896	5.696408	-3.431326
4.117381	-1.203295	-2.544346	4.314841	-0.938184	-3.269018
2.453991	-3.771491	-3.211338	3.250601	-3.606618	-3.055204
4.190650	-1.604119	1.650304	4.731707	-1.147276	1.992495
4.793343	2.113697	5.108564	4.242905	2.053017	5.647189
5.655781	-4.042159	-5.483203	5.173288	-3.533711	-5.842386
2.226299	-5.440919	4.513935	2.157056	-5.276228	3.747719
1.214530	-3.868315	4.889766	1.960841	-4.165253	4.760412
-3.934633	-0.585895	-3.757647	-3.386022	-0.400821	-4.352992
-2.913127	1.624841	5.314194	-3.537646	1.541345	4.866761
-0.333675	5.138335	-4.771318	0.232441	4.622937	-4.689088
1.185726	1.855343	1.071437	1.553778	1.804946	1.756697
-1.604743	2.745785	0.261661	-1.547205	2.120862	0.790810
-1.878937	1.396473	0.654284	-2.661637	1.113094	0.823553
4.150048	5.213871	-2.114946	4.934591	5.207868	-2.086046
1.388745	-5.002952	-4.225557	1.770942	-5.754520	-4.399718
1.132997	2.623500	5.083384	1.586683	3.300192	5.050347
0.028922	-1.100214	5.462002	-0.252020	-1.046948	4.713120
0.259179	-0.681187	4.273501	-0.252020	-1.046948	4.713120
1.606287	1.432754	4.446820	1.253691	0.775336	4.731369
1.223372	-2.329620	4.714957	1.076386	-1.895743	3.994197
-5.353836	-4.549179	5.578043	-4.623823	-4.707651	5.430461
3.258762	4.064687	-3.856335	3.944394	4.108102	-4.254217
-3.669014	0.109073	0.555872	-3.613081	-0.465704	0.029458
-2.288841	2.793952	4.063591	-2.322254	2.104945	3.631998
-5.452663	0.421382	0.709887	-4.821237	0.442214	1.263640
-4.601890	-2.157480	-1.290644	-4.584435	-2.552046	-0.507614
-2.897060	-0.618081	-1.722160	-3.094546	-1.249579	-2.145911
1.185726	1.855343	1.071437	0.694961	1.291066	0.726624
-5.200470	1.480223	-3.812914	-5.371349	0.791245	-4.151871
-4.143317	3.463180	-2.572607	-3.700950	3.650986	-3.155658
-4.084385	1.566367	-2.898488	-3.624137	1.037525	-2.558980
-0.072108	5.562523	1.003264	-0.662570	5.339592	0.553309
-2.577105	0.585590	2.084551	-1.780395	0.792235	2.220953
3.220676	3.775750	-0.807825	3.961622	3.807831	-1.127275
-3.093891	-5.568638	2.907263	-3.235528	-5.587938	2.142985
3.687414	4.349468	0.255423	3.128594	4.387562	-0.333518
-3.295170	-3.995629	-2.579221	-3.883398	-4.280088	-2.078776
-1.124086	-2.556002	-2.535293	-1.027605	-3.116647	-3.132847
-0.449328	5.450456	4.929586	-0.790183	6.010677	4.691482
-0.534167	-3.984501	2.731405	0.161598	-3.853563	2.374736
2.621145	-1.558245	-3.919471	2.351618	-1.298942	-3.169340
2.621145	-1.558245	-3.919471	2.049684	-2.073663	-4.227916
-5.086971	5.485376	-3.550903	-4.726416	6.130172	-3.940646
4.242905	2.053017	5.647189	4.338485	2.599059	6.250081
3.847037	-0.729222	-0.232110	3.578892	-1.332219	0.266171
2.641868	-1.909895	-0.517833	3.286988	-1.960731	-0.097812
-4.735836	-3.738049	-2.833145	-4.621634	-4.111850	-3.522697
-2.523875	-4.427334	-3.688038	-3.282404	-4.069743	-3.396981
-2.258255	-2.472010	-2.037064	-2.345576	-3.237161	-2.007664
0.763317	-2.776476	-0.446827	-0.008447	-3.100758	-0.335356
2.446784	-1.084620	2.044508	2.356091	-0.800309	2.801383
-1.972487	5.424302	4.676423	-2.117288	4.676753	4.502197
-3.020290	-5.063749	1.536421	-3.235528	-5.587938	2.142985
2.911003	3.152897	3.292689	3.096847	3.933205	3.289792
-4.716349	4.108073	5.458970	-4.709563	3.688043	4.742641
4.731020	-0.211041	-3.274124	5.488519	-0.005622	-3.078053
-5.496121	2.192599	3.067164	-4.910376	2.591069	2.838729
-0.657751	0.832609	0.881906	-0.688827	0.234154	1.369272
-0.603726	2.111108	-1.118288	-0.765630	2.243012	-1.836281
2.945572	1.953717	-1.426663	2.439431	1.307073	-1.312177
3.100394	-0.273199	-5.234105	3.765823	0.238567	-5.417234
4.408511	-2.305692	-4.831783	4.465051	-3.054602	-4.504946
3.265444	-1.045819	-5.031352	3.301431	-1.327321	-4.261651
-3.722301	-4.937505	4.566603	-4.037195	-5.256961	3.870661
-0.150652	-0.382882	1.193072	0.009727	-0.943110	1.724287
-3.625098	-1.911354	0.476833	-3.632455	-1.820820	1.301083
5.670087	3.203120	-2.640481	4.954831	3.309934	-2.856021
3.780358	2.194073	3.622969	3.871330	2.537120	4.263693
5.114698	2.555706	-0.520352	5.066393	3.289022	-0.645991
3.585274	-2.671798	-0.059612	3.286988	-1.960731	-0.097812
1.858431	-4.116676	0.395506	2.381268	-3.589775	0.130879
-1.549366	4.583030	-2.836063	-2.305704	4.729842	-3.054456
2.225366	-0.450983	-3.116164	1.543172	-0.008087	-3.185705
-1.972487	5.424302	4.676423	-2.402576	5.896581	5.135847
4.105318	0.519106	-0.000252	4.114603	1.166621	-0.437543
4.190824	0.337976	-3.540603	3.418442	0.535587	-3.211411
-3.733473	-4.686287	-1.412235	-3.311794	-5.332039	-1.510215
-2.610680	-1.373169	-0.398218	-1.943882	-1.100475	-0.736045
3.853047	-3.573951	-4.316424	3.727836	-3.908616	-3.568992
5.633389	5.094833	5.187758	5.300741	5.740852	5.582792
1.459522	2.036882	-2.220303	0.761424	1.892754	-2.551620
0.761424	1.892754	-2.551620	0.151531	2.411225	-2.583359
-2.278639	4.944145	-4.815658	-2.608102	4.536563	-5.321877
0.571997	5.294460	-1.883920	0.549421	4.432727	-1.799360
-5.200470	1.480223	-3.812914	-5.355425	2.131916	-3.557526
4.385914	0.711694	1.273143	4.596024	0.425513	0.626891
3.642667	-5.157731	-2.871692	3.009415	-5.428260	-3.136906
0.042827	-3.016569	-4.609168	0.584281	-3.246598	-5.126663
0.520965	3.859188	-2.425463	0.549421	4.432727	-1.799360
-3.967713	-0.107781	-0.522106	-4.721976	0.015422	-0.627059
-4.889619	2.625639	-0.764394	-4.490968	2.230580	-0.192915
2.913663	-2.037119	5.357457	2.414723	-1.635840	4.903850
-2.880527	2.694280	1.818885	-3.340828	2.119319	2.183474
-3.589308	3.585193	3.891752	-3.946357	3.408386	3.240293
-0.575451	1.365750	-0.863397	-1.224695	1.034388	-0.479285
5.420057	-4.403633	-2.217823	6.166031	-4.558637	-1.866081
-5.168972	-4.916555	1.102238	-5.318007	-5.552786	1.583432
-2.025752	-4.132669	-3.412079	-1.643012	-3.444378	-3.407443
-3.054289	-1.155067	-2.893951	-3.705998	-1.224225	-3.419131
-3.165758	0.832314	-0.836524	-2.497273	1.021446	-1.163913
-3.245027	0.848303	0.381275	-3.420879	1.313783	-0.267624
-2.260064	4.777300	1.319008	-1.779141	5.378568	1.581673
-5.413441	-3.488454	3.392639	-5.771700	-2.764983	3.211566
4.567797	-3.788000	1.103866	4.161868	-3.215719	0.967232
-3.432063	-0.788580	5.592368	-3.097920	-0.675378	6.351577
-1.668114	2.167306	2.047139	-1.672527	1.556790	2.523519
-2.162283	-2.867553	4.997062	-2.415830	-3.595154	5.050142
-2.410886	4.926812	3.243300	-2.815690	5.472716	3.762722
-0.884201	-2.266023	4.900837	-0.894179	-1.398354	4.795231
1.712682	-0.230489	0.068278	2.427002	-0.026563	0.364556
5.633389	5.094833	5.187758	6.454306	4.877683	5.364272
-4.320631	-2.673251	-4.542279	-3.740687	-2.302260	-4.224160
-5.325200	-2.582451	1.371806	-5.333704	-1.846096	1.784381
-4.784483	4.030095	0.687351	-4.578406	3.813707	-0.063884
-4.376600	1.586778	1.599247	-3.565924	1.558958	1.763957
-0.589677	-4.273958	-1.602333	-1.083712	-3.637814	-1.498563
-0.513861	1.996886	-2.404675	-0.765630	2.243012	-1.836281
2.379561	-5.346663	0.004776	1.831354	-4.803845	0.048232
-1.727139	2.543942	-1.204324	-1.371055	2.746237	-1.860679
-1.144648	2.174683	1.477706	-1.547205	2.120862	0.790810
2.802418	-0.063625	1.128581	3.084723	0.471170	1.641255
3.560923	4.320266	1.041954	3.883141	5.029580	1.253596
-3.154969	-2.333682	3.168699	-3.203922	-2.614267	2.389366
-4.623907	-3.733071	1.725842	-4.024119	-3.655198	2.234809
-3.326824	3.387062	-0.124863	-2.799288	3.339324	0.504916
-1.531460	-0.809255	2.734759	-2.227705	-0.705929	3.253388
-3.887915	4.183751	-5.133985	-3.321827	4.592129	-5.608385
5.380593	-1.421708	1.624452	6.106296	-1.846096	1.784381
-0.934090	3.097384	4.614694	-0.276320	2.600288	4.565663
-4.320631	-2.673251	-4.542279	-3.949924	-3.333852	-4.365952
-3.971677	-3.825028	-3.796645	-3.949924	-3.333852	-4.365952
0.547226	0.907140	-3.516911	-0.152860	0.950748	-3.874921
-2.288841	2.793952	4.063591	-1.672910	2.708288	4.622151
5.175997	-5.253691	0.138979	5.869476	-4.862889	0.388205
-0.802859	-1.518850	-4.327754	-0.397058	-1.033319	-3.761145
2.307009	-2.016932	-2.645290	1.829300	-2.699374	-2.759262
-5.341766	0.735393	-5.719447	-5.764480	1.083717	-6.342024
-2.349910	-3.889946	-0.833867	-1.923179	-3.587621	-1.452519
-4.893506	-2.985846	-2.915414	-4.735836	-3.738049	-2.833145
-3.934633	-0.585895	-3.757647	-3.705998	-1.224225	-3.419131
-1.582354	0.824397	-5.244855	-1.159816	1.420838	-5.483603
0.019190	-4.590708	4.405880	0.643964	-4.435268	4.867486
0.132212	-4.236192	-1.917452	0.291410	-4.176412	-2.693350
0.493444	-4.865067	-5.256574	1.069953	-4.529054	-4.806110
-3.934633	-0.585895	-3.757647	-4.566850	-0.207083	-3.471715
-3.116516	3.181937	1.252432	-3.752975	3.584831	1.484113
5.158044	-4.821429	4.621265	5.540349	-5.023674	5.278785
3.574746	4.317544	4.489038	3.609969	4.359396	3.720424
3.761539	-3.376460	4.369330	2.968821	-3.330383	4.602018
-4.555371	-2.482161	5.139941	-4.250774	-1.774573	4.980485
5.558800	5.365101	-3.425336	5.022240	5.052455	-3.982193
4.365065	0.150353	2.337730	4.451695	-0.625188	2.530062
-1.189897	-0.020494	-3.160012	-0.672495	-0.308702	-3.651227
1.190682	0.505508	-3.815439	1.543172	-0.008087	-3.185705
4.804564	-5.650080	2.127973	5.614530	-5.629515	2.245301
-0.211174	-0.265010	2.753484	0.324386	-0.716585	2.378666
2.117140	-2.909610	-0.971157	1.324236	-3.041294	-1.012811
4.996303	-2.374572	4.990223	5.479423	-2.850077	5.423586
5.698970	-0.844743	5.529957	6.426470	-0.769438	5.097670
4.489573	1.898663	-1.517709	4.123564	2.401095	-1.969958
4.394625	1.157939	-1.249843	4.590869	0.423547	-1.489385
-3.102023	1.801678	3.542324	-2.322254	2.104945	3.631998
-4.139197	4.029366	2.725773	-3.748085	4.102430	2.053538
-4.659296	-1.652775	2.242836	-4.092010	-1.321416	1.763958
-2.162283	-2.867553	4.997062	-1.563906	-2.572692	4.512409
1.643454	-0.375638	2.785171	1.478942	0.383837	2.923388
-2.210099	3.766449	2.932812	-2.444894	4.422061	2.661980
-4.858234	5.279574	1.237774	-5.318007	5.887214	1.583432
-3.154969	-2.333682	3.168699	-2.434322	-2.093024	3.506376
-4.024119	-3.655198	2.234809	-3.269954	-3.397342	2.364086
5.510125	4.183419	2.193173	5.490998	3.438633	2.325701
2.418029	3.705481	-5.282805	2.228945	3.776801	-4.508676
-5.496121	2.192599	3.067164	-5.690588	1.448340	3.080417
1.478942	0.383837	2.923388	0.688457	0.641304	2.773306
5.693420	0.058742	-2.296781	5.488519	-0.005622	-3.078053
-4.614711	2.350506	5.583899	-5.257908	2.449587	5.147335
-2.258255	-2.472010	-2.037064	-2.687366	-2.181230	-1.479631
2.744596	2.812840	5.174480	2.220135	3.332995	5.516282
4.365065	0.150353	2.337730	3.883240	0.428356	1.763358
1.383849	4.405358	2.645194	1.062560	3.962562	3.228363
-1.715002	-2.271625	1.038036	-1.990403	-1.761402	1.689503
4.731020	-0.211041	-3.274124	4.314841	-0.938184	-3.269018
2.065095	-4.527366	-3.136608	2.453991	-3.771491	-3.211338
-5.262417	-4.355494	-0.210178	-5.570524	-4.862889	0.388205
0.020509	5.132895	1.513000	-0.490104	5.224234	2.068278
-1.173181	3.732535	2.438462	-1.362657	4.537568	2.521339
0.628695	0.571399	-2.304122	0.650953	1.193954	-2.834148
0.577001	4.033693	-1.095619	1.250569	3.531193	-1.017411
1.139956	-5.035888	2.151158	1.032087	-5.382619	2.846861
-4.024119	-3.655198	2.234809	-4.116662	-3.899838	2.954944
-2.710031	-1.479157	1.842353	-1.990403	-1.761402	1.689503
2.548357	-3.488914	-0.648298	3.160945	-3.981956	-0.955779
5.300741	-5.699148	5.582792	4.774443	-5.510869	6.228555
2.730996	-3.136066	0.712732	3.477582	-3.066483	0.652007
1.606287	1.432754	4.446820	1.773228	1.517781	3.722186
0.767941	1.160069	-0.565352	1.276793	1.686903	-0.832075
-0.939420	-5.331742	3.040817	-0.480061	-5.963373	2.811712
2.477580	-5.688584	3.126898	2.157056	-5.276228	3.747719
4.590869	0.423547	-1.489385	4.207566	-0.308448	-1.503586
-3.613081	-0.465704	0.029458	-3.967713	-0.107781	-0.522106
-0.802547	4.503624	0.363889	-0.662570	5.339592	0.553309
3.418442	0.535587	-3.211411	2.881246	-0.019601	-2.946814
2.480635	-0.141135	-1.584934	3.042680	-0.268201	-2.177360
-2.581272	-5.132700	-3.341917	-2.523875	-4.427334	-3.688038
3.421259	2.976715	4.771434	2.744596	2.812840	5.174480
2.583081	1.480955	-4.921085	2.843287	1.723637	-5.658038
-3.558323	5.297624	1.790853	-4.070355	5.403437	1.248833
0.810350	0.811644	0.111229	0.694961	1.291066	0.726624
2.002422	0.962511	3.198457	2.714172	0.966857	2.906663
2.469834	4.418771	-1.992931	2.051795	3.783111	-2.001431
2.542235	2.403975	-3.058090	3.131599	1.942251	-2.743624
0.277436	-1.786395	0.379086	0.892397	-2.174537	0.087694
-0.008447	-3.100758	-0.335356	-0.071224	-3.715367	0.090928
3.582258	0.261158	3.896516	3.351807	0.881760	3.410060
-0.416422	-5.567354	-3.616848	-1.185896	-5.743592	-3.431326
3.250601	-3.606618	-3.055204	3.727836	-3.908616	-3.568992
3.315504	2.899738	1.483238	2.785210	2.329230	1.242287
-0.211174	-0.265010	2.753484	-0.968865	-0.331219	2.570445
-3.579537	5.562972	-3.956659	-2.848486	5.685561	-3.652836
-4.094716	1.744665	5.385558	-4.138945	1.087377	5.920507
-2.950566	1.086225	1.576675	-3.565924	1.558958	1.763957
-1.163691	-1.402206	-0.589392	-1.169883	-2.198391	-0.340868
2.358945	-1.079763	4.264925	2.414723	-1.635840	4.903850
-5.413120	-5.335361	3.610685	-4.694011	-5.649077	3.713022
-4.889619	2.625639	-0.764394	-5.058442	3.406497	-0.571858
3.162919	2.210084	-0.132401	2.930374	2.514201	-0.826554
3.952016	0.391848	4.601280	3.582258	0.261158	3.896516
0.345116	2.381266	5.147302	-0.276320	2.600288	4.565663
-1.869664	-4.929020	-5.332000	-2.024852	-5.578024	-5.619859
3.687414	4.349468	0.255423	3.560923	4.320266	1.041954
2.598990	2.307546	0.421863	1.810232	2.384423	0.257757
3.765823	0.238567	-5.417234	3.790020	0.684704	-6.082181
-1.707040	-5.457112	0.627477	-1.949531	-5.362187	1.321738
0.978161	2.229847	3.014121	1.653222	2.268088	3.430977
0.480711	0.853286	4.949511	1.253691	0.775336	4.731369
-2.985711	0.778302	-4.753388	-2.940270	0.241289	-4.208160
-1.989347	2.930578	-3.694516	-2.110554	3.136449	-2.928679
-5.361427	3.789117	-2.229638	-4.680677	4.018416	-2.473318
1.088820	3.729757	-2.941043	0.520965	3.859188	-2.425463
1.129133	-3.462721	-1.639834	1.324236	-3.041294	-1.012811
-0.365777	-1.795115	-4.870227	-0.203071	-1.797268	-5.612387
-3.841892	4.032038	-0.215450	-4.578406	3.813707	-0.063884
-5.405033	0.939249	0.118473	-5.230218	0.616144	-0.592634
2.561224	3.894747	1.985937	1.863409	3.678689	1.699752
0.941505	-4.845696	3.404296	0.156088	-4.681678	3.665536
5.000579	4.842768	3.790005	4.196841	4.911143	3.654203
3.728457	3.924101	-5.003591	3.051996	4.232607	-5.306153
4.426948	0.333190	-4.882780	3.765823	0.238567	-5.417234
-1.140079	-3.990532	-4.453538	-0.878585	-4.524513	-4.989380
-2.465959	-4.748478	4.348805	-2.695492	-5.037096	3.741559
5.558068	1.877370	5.119989	6.182092	2.449587	5.147335
-4.147817	-0.045307	1.217298	-4.821237	0.442214	1.263640
1.214530	-3.868315	4.889766	0.643964	-4.435268	4.867486
0.462727	-4.179565	1.712677	0.630493	-3.749125	1.101952
3.780358	2.194073	3.622969	3.576981	2.728758	3.108472
-1.969820	3.439668	0.392474	-2.799288	3.339324	0.504916
-1.078972	-5.021605	-0.685761	-0.815744	-5.006395	-1.366750
-0.180698	-2.162337	2.421701	-0.974622	-2.165937	2.613588
-5.644645	1.708999	-1.273767	-5.122949	2.220120	-1.458624
-1.547205	2.120862	0.790810	-1.878937	1.396473	0.654284
3.634655	1.489108	5.587432	3.790020	0.684704	5.357819
0.039711	1.193261	1.035639	0.694961	1.291066	0.726624
-1.869664	-4.929020	-5.332000	-2.399367	-4.768520	-4.762101
-3.311794	-5.332039	-1.510215	-3.667117	-6.057178	-1.611748
-2.082530	-1.529754	-4.842247	-2.282158	-0.874346	-5.115610
-0.661000	-2.711907	-0.684478	-1.169883	-2.198391	-0.340868
0.046493	1.852547	5.707275	-0.560359	1.868505	6.210818
-2.311256	-1.016025	-3.115444	-1.996214	-1.729356	-3.135630
-3.097920	-0.675378	-5.088423	-3.386022	-0.400821	-4.352992
2.099740	0.795075	-4.919142	1.356780	0.656660	-4.613900
5.380593	-1.421708	1.624452	5.326694	-1.284617	0.793935
0.502795	-2.512463	2.782869	0.998734	-2.017434	3.167080
-5.273718	-3.256975	1.703194	-5.325200	-2.582451	1.371806
0.143997	0.504456	-1.649602	0.127416	0.999114	-1.029191
-0.333675	5.138335	-4.771318	-0.311116	5.809691	-4.388429
5.182865	-1.930124	0.374381	5.326694	-1.284617	0.793935
-2.395775	2.232445	-1.409322	-2.573610	1.531497	-1.713592
2.430140	-5.053557	-2.727456	3.009415	-5.428260	-3.136906
4.761389	0.151180	4.519484	4.856293	-0.638451	4.521488
4.763411	-4.870985	-3.330479	5.117428	-5.040954	-3.979237
1.728610	1.665067	-1.481239	1.276793	1.686903	-0.832075
0.922428	2.916083	-0.633826	1.250569	3.531193	-1.017411
2.089717	2.997891	3.494940	1.653222	2.268088	3.430977
-3.407684	-3.522108	-4.821209	-3.240870	-3.959869	-5.336727
5.420977	-0.756441	-5.128644	5.698970	-0.844743	-5.910043
4.927785	2.986043	2.634830	4.159269	2.762199	2.480964
-2.273221	-4.780444	1.598710	-2.110182	-4.092878	1.922855
1.858431	-4.116676	0.395506	1.831354	-4.803845	0.048232
4.207566	-0.308448	-1.503586	4.377742	-0.722931	-0.810515
-2.649808	4.609466	1.939833	-3.353019	4.665645	1.930159
0.345116	2.381266	5.147302	0.046493	1.852547	5.707275
3.853047	-3.573951	-4.316424	4.465051	-3.054602	-4.504946
-4.307664	5.394134	5.441072	-4.248501	6.106898	5.751685
-2.963465	4.553995	-2.693477	-3.081162	3.842618	-2.766479
5.471587	-3.379109	1.993712	6.166282	-3.256975	1.703194
3.753101	4.500301	-2.181417	3.057888	4.535339	-2.549857
4.833660	-3.916288	1.816177	4.567797	-3.788000	1.103866
-4.623753	0.523207	5.612000	-5.341766	0.735393	5.720553
2.016943	-3.362000	-4.887612	2.045846	-2.876446	-4.189076
4.626028	-2.672829	1.194156	5.310490	-2.482200	0.758654
-4.889619	2.625639	-0.764394	-5.122949	2.220120	-1.458624
4.117381	-1.203295	-2.544346	4.243208	-1.944037	-2.281857
-3.928200	-2.387021	3.391769	-4.565088	-1.833817	3.103321
4.087676	-4.619210	-3.274769	3.727836	-3.908616	-3.568992
-2.981624	-5.179637	4.794524	-3.722301	-4.937505	4.566603
-2.386925	5.455521	3.242132	-1.610681	5.817112	3.115550
-1.949531	-5.362187	1.321738	-1.779141	-6.061432	1.581673
-5.496121	2.192599	3.067164	-6.126730	2.669960	3.295817
-1.747183	5.246179	-5.175116	-2.024852	5.861976	-5.619859
-2.117288	4.676753	4.502197	-2.355246	4.671139	3.733712
-0.537221	3.550982	-3.192966	-0.357370	3.462041	-3.994134
-0.282906	2.255844	3.801700	-0.276320	2.600288	4.565663
-4.818311	2.840536	-4.550746	-4.636225	2.917529	-5.277973
3.995903	-3.090875	-0.598584	3.585274	-2.671798	-0.059612
-0.644136	1.578847	-4.022113	-0.659858	2.194967	-4.568237
-2.468258	1.073262	-3.155660	-2.053310	1.631931	-3.532975
0.623250	-5.046654	5.415804	0.687398	-5.841166	5.187353
3.457639	-1.686845	-5.576495	3.265444	-1.045819	-5.031352
-5.023997	-2.465771	-4.925254	-5.651778	-2.128460	-4.491533
0.761424	1.892754	-2.551620	0.650953	1.193954	-2.834148
-3.190426	0.156831	4.650343	-2.561837	0.456887	5.023404
-1.997813	-2.880462	-3.861691	-1.857302	-2.108253	-3.758050
0.320069	4.030836	0.933695	0.491729	3.373695	1.357299
-0.447334	3.341719	2.395437	-0.098403	2.975382	1.772247
-2.581272	-5.132700	-3.341917	-2.848486	-5.754439	-3.652836
0.025424	-3.429122	0.774637	-0.465124	-2.861029	1.050766
4.105318	0.519106	-0.000252	3.595535	-0.023927	-0.184563
-5.536796	1.198597	2.330687	-5.690588	1.448340	3.080417
-2.092298	4.699816	0.569791	-1.599929	4.168971	0.419115
-4.092010	-1.321416	1.763958	-3.632455	-1.820820	1.301083
-2.950566	1.086225	1.576675	-2.661637	1.113094	0.823553
-0.725454	-2.908230	-1.401640	-1.083712	-3.637814	-1.498563
-1.078972	-5.021605	-0.685761	-0.717395	-4.952772	-0.093109
5.324943	0.035134	0.581337	5.987337	0.421382	0.709887
2.641868	-1.909895	-0.517833	2.572443	-2.240826	-1.196905
-1.257834	-2.901335	1.339973	-0.465124	-2.861029	1.050766
-3.432063	-0.788580	5.592368	-3.685645	-0.233188	5.136082
-0.211174	-0.265010	2.753484	0.197931	0.160539	3.182854
-3.537646	1.541345	4.866761	-3.247000	1.247405	4.058624
2.477580	-5.688584	3.126898	2.274513	-6.430956	2.974545
0.009727	-0.943110	1.724287	0.324386	-0.716585	2.378666
-2.710031	-1.479157	1.842353	-3.113919	-0.702690	2.005860
0.256689	5.448311	4.594290	-0.449328	5.450456	4.929586
-3.810145	-3.656305	5.015794	-3.159036	-3.724636	5.363823
-4.910376	2.591069	2.838729	-5.245594	3.008151	2.160722
-2.687366	-2.181230	-1.479631	-2.556076	-2.102001	-0.696793
0.406036	1.139304	5.702020	0.480711	0.853286	4.949511
-3.544143	0.198906	-1.037918	-3.437339	-0.026155	-1.710367
1.909702	-4.686977	2.082887	1.139956	-5.035888	2.151158
3.437564	5.670384	0.973577	3.883141	5.029580	1.253596
1.855041	-3.802636	3.565918	1.459651	-3.643485	2.899253
2.002422	0.962511	3.198457	1.773228	1.517781	3.722186
4.693994	0.771479	2.618759	5.160114	1.163941	2.107804
4.243208	-1.944037	-2.281857	5.024797	-2.258030	-2.097239
4.927785	2.986043	2.634830	5.313270	2.669960	3.295817
-2.840823	1.227059	-2.466439	-3.624137	1.037525	-2.558980
4.593867	2.320118	-4.459521	4.208027	1.589068	-4.238570
3.131599	1.942251	-2.743624	3.322412	1.339854	-3.220265
-1.710663	-2.542632	3.681255	-2.434322	-2.093024	3.506376
-2.561837	0.456887	5.023404	-1.824937	0.333624	4.990604
-1.997813	-2.880462	-3.861691	-1.643012	-3.444378	-3.407443
-0.764726	4.284075	3.970515	-0.949321	3.870372	4.617761
5.693420	0.058742	-2.296781	5.375781	0.454857	-1.691418
4.804564	-5.650080	2.127973	4.578629	-6.255292	1.664438
1.608929	-1.927303	0.372033	1.994446	-1.533251	-0.215249
1.673108	-0.653127	4.461657	1.554659	0.010995	4.868290
1.964389	5.639717	-1.657271	2.451287	6.085658	-2.037743
5.558800	5.365101	-3.425336	6.353029	5.485376	-3.550903
5.229723	4.623383	4.599053	5.000579	4.842768	3.790005
-0.837974	4.970497	5.440936	-1.135992	4.381276	5.076844
-4.045579	-5.419536	-4.364989	-4.726416	-5.309828	-3.940646
1.268131	-3.730406	-4.945204	0.584281	-3.246598	-5.126663
-0.677831	-4.685618	4.730901	0.019190	-4.590708	4.405880
1.348510	-1.641560	2.569967	1.886343	-1.660965	1.906905
3.687414	4.349468	0.255423	4.468996	4.347998	-0.047243
-4.139197	4.029366	2.725773	-3.946357	3.408386	3.240293
-1.491194	3.239541	-2.461464	-1.371055	2.746237	-1.860679
-3.600974	5.022609	5.142256	-3.321827	4.592129	5.831615
5.670087	3.203120	-2.640481	6.078573	3.789117	-2.229638
-3.219363	-2.071435	1.871310	-3.203922	-2.614267	2.389366
-2.402576	-5.543419	5.135847	-2.024852	-5.578024	5.820141
-3.639475	-4.515626	3.127203	-2.887864	-4.511815	3.125080
3.560923	4.320266	1.041954	3.183919	3.728645	1.473283
-4.904479	2.068831	0.464745	-4.710349	2.224734	1.190558
-5.405033	0.939249	0.118473	-5.529121	1.700089	0.232718
4.243208	-1.944037	-2.281857	3.551185	-2.394405	-2.226520
4.925335	-3.683502	-2.189772	4.127180	-3.498386	-1.933868
0.019190	-4.590708	4.405880	0.156088	-4.681678	3.665536
0.427711	-2.928695	5.560997	0.584281	-3.246598	6.313337
1.268131	-3.730406	-4.945204	1.069953	-4.529054	-4.806110
-1.848533	-5.546390	-3.871122	-2.242374	-6.257334	-4.146807
-1.824937	0.333624	4.990604	-1.326575	0.930104	4.790809
-1.583714	-1.027809	4.842923	-0.894179	-1.398354	4.795231
4.761389	0.151180	4.519484	5.303648	0.777704	4.434849
-0.790183	-5.429323	4.691482	-1.331996	-5.752302	4.349013
0.232441	4.622937	-4.689088	0.238240	3.959183	-4.168496
-0.764726	4.284075	3.970515	-1.303176	4.728188	3.613506
4.925335	-3.683502	-2.189772	5.420057	-4.403633	-2.217823
-3.827526	-0.634551	1.626746	-4.147817	-0.045307	1.217298
-5.020852	-4.628639	-3.868995	-4.621634	-4.111850	-3.522697
-1.545981	-1.708531	-4.311640	-2.082530	-1.529754	-4.842247
1.078128	1.836612	2.377449	0.556599	1.252995	2.292441
-3.077907	0.393925	3.931873	-3.247000	1.247405	4.058624
-2.020484	-4.249571	4.838919	-2.415830	-3.595154	5.050142
-5.639568	0.923328	-1.194266	-5.230218	0.616144	-0.592634
-0.815744	-5.006395	-1.366750	-0.710113	-5.476180	-1.941386
-1.303176	4.728188	3.613506	-1.417911	5.518702	3.704234
-4.045579	-5.419536	-4.364989	-3.579537	-5.877028	-3.956659
-0.150652	-0.382882	1.193072	0.286071	-0.453344	0.485735
-0.934090	3.097384	4.614694	-1.672910	2.708288	4.622151
2.598990	2.307546	0.421863	2.785210	2.329230	1.242287
2.843287	1.723637	-5.658038	2.442634	2.125617	-6.121097
2.097295	5.263698	4.830071	2.226299	5.999081	4.513935
-1.159816	1.420838	-5.483603	-1.450310	1.537915	-6.150459
0.489122	-0.612120	-5.549355	0.028922	-1.100214	-5.977998
-5.651778	-2.128460	-4.491533	-5.790335	-2.687287	-3.917330
-3.562840	-4.987835	0.948855	-3.613413	-5.730907	0.680646
-0.203071	-1.797268	-5.612387	0.028922	-1.100214	-5.977998
1.269064	-0.799586	-5.568280	1.769769	-0.192423	-5.805673
-4.998211	-5.020915	-1.230338	-4.909633	-5.829270	-1.060442
2.870050	-2.897010	5.359161	2.748214	-3.323384	6.127190
-1.308394	-4.482193	5.074287	-1.280960	-4.591086	5.834276
5.540349	-5.023674	5.278785	6.086164	-4.549179	5.578043
2.935022	5.569996	-5.102421	3.384926	6.095428	-5.466826
-0.203071	-1.797268	-5.612387	-0.232734	-2.443293	-6.090803
5.345683	5.480830	-0.258835	5.782303	5.317320	-0.976067
-5.282868	0.179524	-3.591908	-5.951481	-0.005622	-3.078053
-5.353836	-4.549179	5.578043	-5.784219	-4.042159	5.956797
-2.477632	-2.256936	5.447195	-2.542620	-2.073459	6.239786
3.661633	-5.557727	-2.123234	4.150048	-6.226129	-2.114946
-5.023997	-2.465771	-4.925254	-5.174099	-2.601230	-5.757319
-5.696239	4.088150	-1.562406	-5.978612	4.868634	-1.561015
2.843287	1.723637	-5.658038	3.634655	1.489108	-5.852568
-5.245594	3.008151	2.160722	-5.949002	3.438633	2.325701
2.640377	-5.705354	1.323333	3.437564	-5.769616	0.973577
2.031344	5.241354	0.917145	2.640377	5.734646	1.323333
2.282391	5.314717	0.151481	2.379561	6.093337	0.004776
3.009415	-5.428260	-3.136906	2.859437	-5.980960	-3.658287
4.737348	-1.756424	5.383541	4.216000	-1.918780	5.930601
-5.714131	-2.059975	3.603278	-6.373207	-1.786378	3.873244
-5.605564	0.567238	-4.938624	-6.224451	0.034196	-4.973938
-1.730697	-0.395126	-5.451462	-1.700525	-0.377666	-6.211976
-5.318007	-5.552786	1.583432	-5.825470	-5.629515	2.245301
-5.690588	1.448340	3.080417	-6.067363	1.100925	3.690500
-4.614711	2.350506	5.583899	-4.636225	2.917529	6.162027
1.032087	-5.382619	2.846861	1.002916	-6.004186	3.243460
5.519561	-1.922077	-1.567391	6.253215	-1.652062	-1.465815
5.375781	0.454857	-1.691418	5.800432	0.923328	-1.194266
5.471770	4.697692	0.850855	6.224885	4.631768	0.902942
5.177005	2.096682	0.096223	5.910879	1.700089	0.232718
-5.651778	-2.128460	-4.491533	-6.084283	-1.467082	-4.702524
5.160114	1.163941	2.107804	5.903204	1.198597	2.330687
-5.693990	5.719447	2.994577	-5.413120	6.104639	3.610685
3.711681	-5.422390	2.831036	3.834191	-5.859582	3.500690
4.943898	5.703846	-4.471574	5.117428	6.399046	-3.979237
-3.093891	-5.568638	2.907263	-2.386925	-5.984479	3.242132
3.125830	-5.074787	5.248016	3.384926	-5.344572	5.973174
5.069797	-3.582548	-0.066315	5.861252	-3.671674	-0.145735
3.437564	5.670384	0.973577	3.725241	6.206888	0.369212
5.066393	3.289022	-0.645991	5.721914	3.604752	-0.928785
0.366241	-5.264616	0.916917	-0.072108	-5.877477	1.003264
0.406036	1.139304	5.702020	0.687286	0.642435	6.260722
-4.694011	-5.649077	3.713022	-4.509197	-6.410248	3.606954
5.345683	5.480830	-0.258835	5.175997	6.186309	0.138979
1.213301	-5.641350	-1.561864	1.964389	-5.800283	-1.657271
-5.413441	-3.488454	3.392639	-5.934693	-4.070395	3.498551
3.747937	-5.190020	4.696697	3.641724	-5.782353	4.244363
2.220135	3.332995	5.516282	2.418029	3.705481	6.157195
-4.438634	3.702996	-5.463844	-4.716349	4.108073	-5.981030
5.693420	0.058742	-2.296781	6.346452	-0.364483	-2.123832
-2.695492	-5.037096	3.741559	-2.815690	-5.967284	3.762722
-1.927828	4.319674	5.157726	-2.157543	3.982602	5.833311
5.479423	-2.850077	5.423586	6.265901	-2.601230	5.682681
5.258229	-2.941795	-2.497215	5.782102	-2.853021	-3.143100
5.551492	-4.745250	3.940848	6.026880	-5.335361	3.610685
5.644019	-0.723157	-0.356015	6.245927	-0.531498	-0.820801
1.069964	5.006119	5.492822	0.892526	4.856832	6.291760
-5.489947	4.533601	2.783698	-5.904624	4.981023	3.220734
-5.489947	4.533601	2.783698	-5.929875	4.183419	2.193173
5.310490	-2.482200	0.758654	6.018674	-2.720822	0.672078
-3.159036	-3.724636	5.363823	-3.240870	-3.959869	6.103273
-2.451373	2.172445	5.607960	-2.458685	2.629271	6.227795
2.738187	5.064538	5.097134	2.910569	4.930940	5.858880
-5.714131	-2.059975	3.603278	-5.771700	-2.764983	3.211566
-5.020852	-4.628639	-3.868995	-5.739980	-4.542175	-4.189258
5.465157	3.263554	4.524166	6.148509	3.164074	4.768481
3.968728	-4.192597	-5.397822	4.437421	-3.867601	-5.953291
-1.017615	-5.512459	0.370620	-0.662570	-6.100408	0.553309
-3.235528	-5.587938	2.142985	-3.558323	-6.142376	1.790853
-2.390793	0.844527	-5.171074	-2.629062	0.960223	-5.915405
0.571997	5.294460	-1.883920	1.213301	5.798650	-1.561864
0.493444	-4.865067	-5.256574	0.623250	-5.046654	-6.024196
-5.368089	2.515590	-2.804001	-5.769913	3.203120	-2.640481
2.357357	0.103575	-5.298651	1.769769	-0.192423	-5.805673
0.571997	5.294460	-1.883920	0.017549	5.745046	-2.266150
-4.138945	1.087377	-5.519493	-4.623753	0.523207	-5.828000
4.774443	-5.510869	-5.211445	4.943898	-5.736154	-4.471574
-1.185896	5.696408	-3.431326	-1.848533	5.893610	-3.871122
-1.417911	5.518702	3.704234	-1.610681	5.817112	3.115550
-4.623823	-4.707651	5.430461	-4.248501	-5.333102	5.751685
-5.657898	-2.853021	-3.143100	-5.790335	-2.687287	-3.917330
-0.955375	5.116497	-5.242006	-0.837974	4.970497	-5.999064
5.461388	4.868634	-1.561015	5.782303	5.317320	-0.976067
1.444902	-1.524408	-5.415605	1.672336	-1.851786	-6.210492
-2.506185	5.265334	0.201422	-2.090175	5.849598	-0.017032
5.614530	-5.629515	2.245301	5.746010	-5.720553	2.994577
-5.644645	1.708999	-1.273767	-6.327175	2.068180	-1.112183
4.445856	3.648428	5.295101	4.170544	3.391557	6.013338
-5.492637	2.657122	-4.122990	-6.272850	2.829290	-4.095448
3.457639	-1.686845	-5.576495	2.913663	-2.037119	-6.082543
-5.693990	5.719447	2.994577	-5.904624	4.981023	3.220734
5.166560	-5.010098	-2.681569	5.214474	-5.820308	-2.687874
-1.390356	5.262780	-2.729305	-1.356895	5.761427	-2.229024
5.173288	-3.533711	5.597614	5.655781	-4.042159	5.956797
1.770942	5.685480	-4.399718	1.388745	6.437048	-4.225557
-0.790183	-5.429323	4.691482	-0.449328	-5.989544	4.929586
-4.726416	-5.309828	-3.940646	-5.086971	-5.954624	-3.550903
4.338485	2.599059	-5.189919	4.242905	2.053017	-5.792811
-2.402576	-5.543419	5.135847	-1.972487	-6.015698	4.676423
5.300741	-5.699148	5.582792	5.633389	-6.345167	5.187758
-5.273969	-4.558637	-1.866081	-6.019943	-4.403633	-2.217823
5.668300	-2.764983	3.211566	6.026559	-3.488454	3.392639
-3.097920	-0.675378	-5.088423	-3.432063	-0.788580	-5.847632
-4.985694	4.877683	5.364272	-5.806611	5.094833	5.187758
-5.333704	-1.846096	1.784381	-6.059407	-1.421708	1.624452
-5.570524	-4.862889	0.388205	-6.264003	-5.253691	0.138979
5.675520	1.083717	5.097976	6.098234	0.735393	5.720553
-5.013530	-0.769438	5.097670	-5.741030	-0.844743	5.529957
-5.318007	-5.552786	1.583432	-4.858234	-6.160426	1.237774
4.774443	-5.510869	-5.211445	5.300741	-5.699148	-5.857208
-0.480061	5.476627	2.811712	-0.939420	6.108258	3.040817
-1.185896	5.696408	-3.431326	-0.416422	5.872646	-3.616848
-4.138945	1.087377	-5.519493	-4.094716	1.744665	-6.054442
3.790020	0.684704	5.357819	3.765823	0.238567	6.022766
-5.257908	2.449587	5.147335	-5.881932	1.877370	5.119989
-3.667117	5.382822	-1.611748	-3.311794	6.107961	-1.510215
-0.560359	1.868505	-5.229182	0.046493	1.852547	-5.732725
-0.311116	-5.630309	-4.388429	-0.333675	-6.301665	-4.771318
5.698970	-0.844743	5.529957	5.420977	-0.756441	6.311356
-4.248501	-5.333102	-5.688315	-4.307664	-6.045866	-5.998928
-5.273718	-3.256975	1.703194	-5.968413	-3.379109	1.993712
-5.341766	0.735393	-5.719447	-4.623753	0.523207	-5.828000
-1.610681	-5.622888	3.115550	-2.386925	-5.984479	3.242132
-1.779141	5.378568	1.581673	-1.949531	6.077813	1.321738
5.313270	2.669960	3.295817	5.943879	2.192599	3.067164
-2.024852	-5.578024	-5.619859	-1.747183	-6.193821	-5.175116
0.687398	5.598834	5.187353	0.623250	6.393346	5.415804
-2.848486	5.685561	-3.652836	-2.581272	6.307300	-3.341917
-5.452663	0.421382	0.709887	-6.115057	0.035134	0.581337
2.274513	5.009044	2.974545	2.477580	5.751416	3.126898
4.578629	5.184708	1.664438	4.804564	5.789920	2.127973
2.451287	-5.354342	-2.037743	1.964389	-5.800283	-1.657271
-5.086971	5.485376	-3.550903	-5.881200	5.365101	-3.425336
-3.321827	4.592129	-5.608385	-3.600974	5.022609	-6.297744
-5.361427	3.789117	-2.229638	-5.769913	3.203120	-2.640481
-2.024852	-5.578024	-5.619859	-2.402576	-5.543419	-6.304153
0.584281	-3.246598	-5.126663	0.427711	-2.928695	-5.879003
-2.242374	5.182666	-4.146807	-1.848533	5.893610	-3.871122
-1.331996	5.687698	4.349013	-0.790183	6.010677	4.691482
-3.579537	5.562972	-3.956659	-4.045579	6.020464	-4.364989
2.442634	2.125617	5.318903	2.843287	1.723637	5.781962
