1.612713	3.809161	-1.313185	1.683377	4.439622	-1.829516
1.612713	3.809161	-1.313185	2.268848	3.396879	-1.225945
1.612713	3.809161	-1.313185	0.898195	3.624468	-0.889366
-4.259262	0.504032	-5.406725	-3.736759	-0.152001	-5.491417
-4.259262	0.504032	-5.406725	-5.024958	0.281723	-5.528592
-4.259262	0.504032	-5.406725	-4.088794	1.333541	-5.213048
-4.883189	-4.978097	-2.991138	-5.636662	-4.807656	-2.752913
-4.883189	-4.978097	-2.991138	-4.340330	-4.358045	-3.122540
-4.883189	-4.978097	-2.991138	-4.706954	-5.756160	-3.076338
1.894630	3.259396	-3.127571	1.730612	4.107538	-3.238059
1.894630	3.259396	-3.127571	2.577975	2.842553	-2.966805
1.894630	3.259396	-3.127571	1.240281	2.789183	-3.171685
-4.759518	-2.450919	-2.209545	-4.648127	-1.823545	-1.612148
-4.759518	-2.450919	-2.209545	-4.117886	-2.637562	-2.673532
-4.759518	-2.450919	-2.209545	-5.460079	-2.889882	-2.308195
-2.623717	3.242717	1.600808	-2.933535	2.652199	1.148480
-2.623717	3.242717	1.600808	-2.999620	3.947495	1.572302
-2.623717	3.242717	1.600808	-1.946823	3.100331	2.057727
-0.536907	-5.498333	1.029761	-0.190265	-6.218193	1.193406
-0.536907	-5.498333	1.029761	-1.054723	-5.204099	1.606964
-0.536907	-5.498333	1.029761	-0.433961	-5.099330	0.340411
-3.181506	0.876199	2.382943	-3.699695	1.296853	2.018937
-3.181506	0.876199	2.382943	-3.109400	0.501717	3.046642
-3.181506	0.876199	2.382943	-2.536241	0.737992	2.081253
-4.150524	-3.885122	0.507648	-3.845172	-3.192778	0.740622
-4.150524	-3.885122	0.507648	-4.821016	-4.053398	0.899000
-4.150524	-3.885122	0.507648	-3.856938	-4.442451	-0.021872
2.630121	-5.294151	-3.020200	3.264673	-5.267584	-3.429463
2.630121	-5.294151	-3.020200	2.728780	-5.441373	-2.252542
2.630121	-5.294151	-3.020200	1.909125	-5.165520	-3.405100
4.121104	4.898645	-1.366450	4.836755	5.187506	-1.659237
4.121104	4.898645	-1.366450	3.985598	4.702917	-0.603437
4.121104	4.898645	-1.366450	3.455848	4.766511	-1.851615
4.390819	-2.608405	-1.196654	4.463646	-2.071797	-0.567510
4.390819	-2.608405	-1.196654	4.726524	-3.297728	-1.066963
4.390819	-2.608405	-1.196654	4.086787	-2.567669	-1.929505
3.756529	-3.912984	5.085193	4.154923	-3.558842	4.522080
3.756529	-3.912984	5.085193	3.103129	-4.251227	4.757191
3.756529	-3.912984	5.085193	3.898533	-3.978090	5.807160
-4.605910	-3.339368	5.111480	-4.646719	-3.192839	5.938161
-4.605910	-3.339368	5.111480	-5.020665	-3.097246	4.452969
-4.605910	-3.339368	5.111480	-4.073348	-3.800321	5.026607
-3.371387	-0.130566	4.622197	-3.654312	-0.554772	5.187391
-3.371387	-0.130566	4.622197	-2.615407	0.073514	4.685740
-3.371387	-0.130566	4.622197	-3.744445	0.158151	3.960115
3.041574	0.228533	3.253831	3.115032	-0.450707	3.604513
3.041574	0.228533	3.253831	3.472595	0.106045	2.628190
3.041574	0.228533	3.253831	2.663177	0.938785	3.417191
-4.072781	0.712517	-1.470271	-4.063806	1.461560	-1.847276
-4.072781	0.712517	-1.470271	-4.709841	0.230916	-1.246262
-4.072781	0.712517	-1.470271	-3.346461	0.421544	-1.311334
2.760526	-4.738644	-1.848063	3.322905	-4.220436	-1.762011
2.760526	-4.738644	-1.848063	2.728780	-5.441373	-2.252542
2.760526	-4.738644	-1.848063	2.231563	-4.435746	-1.461378
-2.213876	-3.785899	-3.171866	-2.667547	-4.292770	-3.629585
-2.213876	-3.785899	-3.171866	-1.430855	-3.912930	-3.372256
-2.213876	-3.785899	-3.171866	-2.466199	-3.230528	-2.616226
-4.696630	-1.973932	-0.816474	-4.648127	-1.823545	-1.612148
-4.696630	-1.973932	-0.816474	-5.347874	-2.100098	-0.485128
-4.696630	-1.973932	-0.816474	-4.012863	-1.957741	-0.421630
-2.090952	-2.714904	-0.087430	-2.552979	-2.604824	0.626988
-2.090952	-2.714904	-0.087430	-2.220089	-2.398061	-0.755730
-2.090952	-2.714904	-0.087430	-1.506459	-3.201472	-0.136819
-1.340662	-1.832326	3.718782	-1.003844	-2.527625	3.785417
-1.340662	-1.832326	3.718782	-0.870932	-1.277988	3.938021
-1.340662	-1.832326	3.718782	-2.084590	-1.588994	3.443136
-3.699695	1.296853	2.018937	-3.812984	2.092330	1.966279
-3.699695	1.296853	2.018937	-4.269386	1.024790	1.595835
1.885172	-1.502682	0.593289	1.253447	-1.154751	0.219764
1.885172	-1.502682	0.593289	1.940903	-1.551045	1.395149
1.885172	-1.502682	0.593289	2.440225	-1.794401	0.076422
-4.852066	5.275322	-2.438681	-5.442036	4.787960	-2.196557
-4.852066	5.275322	-2.438681	-4.214100	5.463794	-1.990446
-4.852066	5.275322	-2.438681	-4.706954	5.683840	-3.076338
0.592730	1.296571	5.417709	0.777375	1.219866	6.207755
0.592730	1.296571	5.417709	-0.129204	1.447687	5.227590
0.592730	1.296571	5.417709	1.092010	1.258930	4.793595
-1.642219	1.792525	4.069698	-0.919555	1.416082	4.111314
-1.642219	1.792525	4.069698	-1.871477	2.572160	3.984750
-1.642219	1.792525	4.069698	-2.245188	1.265194	4.147375
-0.654588	1.955018	-4.594362	0.003482	2.449776	-4.357369
-0.654588	1.955018	-4.594362	-0.818553	2.278976	-5.328357
-0.654588	1.955018	-4.594362	-1.087298	1.283684	-4.345255
-2.054885	0.863755	-2.764162	-2.031761	0.091510	-2.778286
-2.054885	0.863755	-2.764162	-2.525060	1.362141	-3.204406
-2.054885	0.863755	-2.764162	-1.528087	1.144307	-2.231213
0.003482	2.449776	-4.357369	0.776978	2.151705	-4.260286
0.003482	2.449776	-4.357369	-0.015298	3.302150	-4.269644
-1.269702	-1.943354	-5.706509	-0.995840	-2.719342	-5.638480
-1.269702	-1.943354	-5.706509	-2.024266	-1.713060	-5.374553
-1.269702	-1.943354	-5.706509	-0.857366	-1.393652	-6.082059
-1.131972	0.237454	-5.618615	-1.911763	0.423859	-5.537288
-1.131972	0.237454	-5.618615	-1.003120	0.356767	-6.363613
-1.131972	0.237454	-5.618615	-0.531950	-0.059433	-5.075531
-1.951577	0.122507	3.605405	-2.501307	0.696334	3.589717
-1.951577	0.122507	3.605405	-1.567370	-0.069896	2.974962
-1.951577	0.122507	3.605405	-1.948884	-0.061496	4.329583
-5.707228	-3.903956	-4.926039	-6.224573	-3.457576	-4.427215
-5.707228	-3.903956	-4.926039	-5.879219	-4.516697	-5.404055
-5.707228	-3.903956	-4.926039	-4.935658	-3.801218	-4.993018
1.236119	-2.260214	5.009456	1.080925	-1.690839	5.546147
1.236119	-2.260214	5.009456	0.672403	-2.410922	4.441344
1.236119	-2.260214	5.009456	1.957462	-2.556268	5.133206
2.032432	-5.277708	1.299187	1.794148	-6.008848	1.275174
2.032432	-5.277708	1.299187	1.519112	-4.678357	1.446420
2.032432	-5.277708	1.299187	2.825947	-5.164563	1.147015
3.153077	3.236655	3.344749	3.582794	2.521280	3.360293
3.153077	3.236655	3.344749	2.373038	3.294541	3.252834
3.153077	3.236655	3.344749	3.547372	3.932805	3.418127
0.002237	5.568736	5.526536	-0.321586	5.810436	4.828964
0.002237	5.568736	5.526536	0.788620	5.296636	5.572896
0.002237	5.568736	5.526536	-0.417620	5.587416	6.267583
0.322368	1.568410	3.471933	0.911863	0.975678	3.582676
0.322368	1.568410	3.471933	0.564134	2.342643	3.296465
0.322368	1.568410	3.471933	-0.404398	1.327786	3.523949
0.975411	-4.775184	-0.633934	1.546518	-5.247603	-0.738736
0.975411	-4.775184	-0.633934	0.818747	-4.463455	0.121347
0.975411	-4.775184	-0.633934	0.497528	-4.559581	-1.246545
-2.009153	-5.515011	-2.417349	-1.597611	-4.988794	-1.898289
-2.009153	-5.515011	-2.417349	-1.802377	-6.312613	-2.371946
-2.009153	-5.515011	-2.417349	-2.562664	-5.484491	-3.011107
3.982032	5.177943	0.055708	4.719937	5.266157	0.360340
3.982032	5.177943	0.055708	3.985598	4.702917	-0.603437
3.982032	5.177943	0.055708	3.279514	5.441576	0.270708
-4.740498	3.692863	-2.253231	-4.025108	3.477872	-2.039418
-4.740498	3.692863	-2.253231	-4.959244	3.414933	-2.929614
-4.740498	3.692863	-2.253231	-5.215603	4.113039	-1.837083
-4.311181	3.613700	-4.157956	-4.716162	3.658117	-4.828496
-4.311181	3.613700	-4.157956	-3.637077	3.954592	-4.059222
-4.311181	3.613700	-4.157956	-4.640054	3.186745	-3.605348
-3.104473	3.479110	-3.786603	-3.092812	3.278360	-3.003889
-3.104473	3.479110	-3.786603	-3.637077	3.954592	-4.059222
-3.104473	3.479110	-3.786603	-2.587855	3.182312	-4.243768
-1.591661	4.513502	4.630652	-1.310381	3.793940	4.554985
-1.591661	4.513502	4.630652	-1.426591	5.129868	4.153547
-1.591661	4.513502	4.630652	-2.007651	4.559538	5.295011
0.730588	5.285438	2.269054	0.697906	5.699792	2.941377
0.730588	5.285438	2.269054	0.103722	5.046038	1.947882
0.730588	5.285438	2.269054	1.457348	5.129702	1.951561
0.655641	3.066233	3.557975	1.315786	3.058554	4.007134
0.655641	3.066233	3.557975	0.564134	2.342643	3.296465
0.655641	3.066233	3.557975	0.128776	3.670063	3.364502
0.777375	1.219866	-5.232245	1.111392	1.912311	-4.927918
0.777375	1.219866	-5.232245	0.616113	0.531397	-4.800624
-0.002383	2.939197	1.666664	0.303640	2.903118	0.925799
-0.002383	2.939197	1.666664	0.255393	2.310894	2.069258
-0.002383	2.939197	1.666664	-0.483225	3.405195	2.076435
-3.104983	-4.502327	4.026567	-2.663501	-5.045007	4.421763
-3.104983	-4.502327	4.026567	-2.614176	-3.884236	3.837142
-3.104983	-4.502327	4.026567	-3.875157	-4.652120	3.961859
3.975673	-3.465529	-5.012689	4.632647	-3.003748	-4.807787
3.975673	-3.465529	-5.012689	3.263587	-3.525359	-4.559952
3.975673	-3.465529	-5.012689	3.898533	-3.978090	-5.632840
1.834766	-3.759611	-1.773323	1.157246	-3.887809	-2.101520
1.834766	-3.759611	-1.773323	2.194398	-3.024154	-1.687790
1.834766	-3.759611	-1.773323	2.231563	-4.435746	-1.461378
-5.683551	-4.634135	5.217751	-5.879219	-4.516697	6.035945
-5.683551	-4.634135	5.217751	-5.961421	-4.143773	4.611892
-5.683551	-4.634135	5.217751	-5.146825	-5.299341	5.108894
1.843425	-4.980525	-5.580193	2.154168	-5.254841	-4.871071
1.843425	-4.980525	-5.580193	1.987824	-5.521928	-6.209920
1.843425	-4.980525	-5.580193	1.465231	-4.333821	-5.832355
4.853422	-2.096352	3.256803	4.384389	-2.197189	3.963112
4.853422	-2.096352	3.256803	4.523053	-2.212773	2.561371
4.853422	-2.096352	3.256803	5.645513	-1.837801	3.214552
-5.065481	-0.189380	0.144556	-5.610399	-0.822450	0.260376
-5.065481	-0.189380	0.144556	-5.190677	0.348524	-0.540408
-5.065481	-0.189380	0.144556	-4.433314	-0.044903	0.694922
-4.868761	-5.167587	1.568920	-4.164765	-5.564860	1.565377
-4.868761	-5.167587	1.568920	-4.734432	-4.395690	1.667267
-4.868761	-5.167587	1.568920	-5.664467	-5.387090	1.469809
-5.362506	2.488460	5.399079	-4.672679	2.571525	5.682553
-5.362506	2.488460	5.399079	-5.793432	1.918716	5.796070
-5.362506	2.488460	5.399079	-5.707606	2.861641	4.791649
-3.043750	1.876583	5.066790	-2.614852	1.274142	4.899697
-3.043750	1.876583	5.066790	-2.695457	2.519675	5.381320
-3.043750	1.876583	5.066790	-3.786399	1.763043	4.945714
-1.310381	3.793940	4.554985	-1.692285	3.084103	4.529118
-1.310381	3.793940	4.554985	-0.491154	3.791235	4.548694
-2.079079	-2.088560	-3.816298	-1.733526	-1.466736	-4.130717
-2.079079	-2.088560	-3.816298	-1.999196	-2.754178	-4.288500
-2.079079	-2.088560	-3.816298	-2.474818	-2.130181	-3.152372
-0.282429	-4.579268	-4.833009	-0.072721	-5.304585	-4.671500
-0.282429	-4.579268	-4.833009	-1.069392	-4.436363	-4.629271
-0.282429	-4.579268	-4.833009	0.191327	-4.004206	-5.146083
4.719937	5.266157	0.360340	5.162892	5.727946	-0.094534
4.719937	5.266157	0.360340	5.004973	4.925283	1.069235
4.836755	5.187506	-1.659237	5.198179	4.973939	-2.301850
4.836755	5.187506	-1.659237	5.232150	5.731572	-1.278122
3.628001	5.122111	-4.415803	3.391819	5.549997	-4.986034
3.628001	5.122111	-4.415803	3.776842	5.595897	-3.770124
3.628001	5.122111	-4.415803	3.726211	4.365374	-4.560343
2.960872	2.831394	5.674179	2.340522	2.231432	5.765514
2.960872	2.831394	5.674179	2.594589	3.628576	5.605422
2.960872	2.831394	5.674179	3.701874	2.471568	5.636055
3.115032	-0.450707	3.604513	3.864036	-0.564641	3.889251
3.115032	-0.450707	3.604513	2.565433	-0.967891	3.717524
2.457939	4.126675	-4.405960	3.202869	4.020784	-4.168573
2.457939	4.126675	-4.405960	1.906262	4.526860	-3.918021
2.457939	4.126675	-4.405960	2.199987	3.830464	-5.142500
2.721630	4.897124	0.439022	1.970284	5.129378	0.550945
2.721630	4.897124	0.439022	2.864313	4.147975	0.480569
2.721630	4.897124	0.439022	3.279514	5.441576	0.270708
1.725754	1.236840	-2.007471	1.369320	1.016705	-2.669733
1.725754	1.236840	-2.007471	2.386714	1.697994	-2.016658
1.725754	1.236840	-2.007471	1.412760	1.001697	-1.337063
-0.123318	2.089371	-1.217163	0.362151	1.566443	-0.994270
-0.123318	2.089371	-1.217163	0.023450	2.714026	-1.597561
-0.123318	2.089371	-1.217163	-0.902623	1.930750	-1.012186
5.709435	5.051377	5.582925	6.157464	5.354558	4.961128
5.709435	5.051377	5.582925	4.950531	4.927445	5.629100
5.709435	5.051377	5.582925	5.941321	4.830590	6.346153
3.900485	3.938284	-2.967174	3.630860	4.038189	-2.236491
3.900485	3.938284	-2.967174	3.454151	3.600404	-3.531587
3.900485	3.938284	-2.967174	4.670842	4.177369	-3.141097
2.721856	3.062838	-1.744393	2.549856	2.477362	-2.253445
2.721856	3.062838	-1.744393	2.268848	3.396879	-1.225945
2.721856	3.062838	-1.744393	3.535232	3.332735	-1.812617
-2.937571	2.149023	-0.151312	-2.621467	2.247227	0.564374
-2.937571	2.149023	-0.151312	-2.901722	2.759713	-0.683369
-2.937571	2.149023	-0.151312	-3.297704	1.385281	-0.237541
3.944900	-0.940567	4.516817	3.864036	-0.564641	3.889251
3.944900	-0.940567	4.516817	4.439449	-1.555425	4.386767
3.944900	-0.940567	4.516817	3.734933	-0.952884	5.274890
-4.144754	-4.526192	4.711813	-4.468793	-5.056275	5.212539
-4.144754	-4.526192	4.711813	-4.073348	-3.800321	5.026607
-4.144754	-4.526192	4.711813	-3.875157	-4.652120	3.961859
-5.032475	-2.131313	3.376750	-5.040241	-2.371304	4.112844
-5.032475	-2.131313	3.376750	-4.423557	-2.106461	2.825052
-5.032475	-2.131313	3.376750	-5.794487	-1.837801	3.214552
-0.953877	3.918704	-3.584907	-1.403571	3.275919	-3.595165
-0.953877	3.918704	-3.584907	-1.192731	4.670808	-3.577872
-0.953877	3.918704	-3.584907	-0.219969	3.660203	-3.597817
-0.029674	5.126380	-0.836002	0.260783	4.820495	-0.152703
-0.029674	5.126380	-0.836002	-0.261277	5.837000	-0.915862
-0.029674	5.126380	-0.836002	-0.099932	4.616040	-1.429282
5.406631	1.528317	1.310834	5.966565	1.621822	1.814200
5.406631	1.528317	1.310834	5.421492	2.005514	0.645178
5.406631	1.528317	1.310834	4.781188	0.959097	1.422029
-4.672679	2.571525	5.682553	-4.378787	3.249087	6.003069
-4.672679	2.571525	5.682553	-4.190891	1.880682	5.634104
-5.246480	3.000982	4.138934	-5.707606	2.861641	4.791649
-5.246480	3.000982	4.138934	-4.994351	2.367540	3.740381
-5.246480	3.000982	4.138934	-4.999405	3.695858	3.814787
1.924042	-0.992239	-5.210734	1.703450	-0.254296	-5.166978
1.924042	-0.992239	-5.210734	1.511656	-1.672072	-5.259461
1.924042	-0.992239	-5.210734	2.708421	-1.110413	-5.251671
-3.278701	-1.402271	-1.379559	-2.716098	-0.876680	-1.407027
-3.278701	-1.402271	-1.379559	-3.400124	-2.031854	-0.901371
-3.278701	-1.402271	-1.379559	-3.735639	-1.229672	-1.963338
0.334934	-1.115717	4.029892	-0.261171	-0.923902	3.593676
0.334934	-1.115717	4.029892	0.699664	-0.751266	4.614098
0.334934	-1.115717	4.029892	0.623629	-1.841247	3.884798
-5.189528	-4.097864	-1.784694	-5.537195	-3.420725	-1.663787
-5.189528	-4.097864	-1.784694	-4.478992	-4.290413	-1.799845
-5.189528	-4.097864	-1.784694	-5.689987	-4.662597	-1.952389
-3.823319	1.652922	-4.487026	-3.071052	1.914724	-4.419089
-3.823319	1.652922	-4.487026	-4.088794	1.333541	-5.213048
-3.823319	1.652922	-4.487026	-4.233106	1.753376	-3.798262
1.053386	0.344729	2.340881	0.825496	-0.432807	2.305980
1.053386	0.344729	2.340881	1.331423	0.802931	2.947757
1.053386	0.344729	2.340881	1.029663	0.790732	1.702798
2.971089	1.265222	-1.705968	3.370143	1.726378	-1.183294
2.971089	1.265222	-1.705968	3.063829	0.505004	-1.949996
2.971089	1.265222	-1.705968	2.386714	1.697994	-2.016658
4.572724	0.312370	0.936117	4.679411	-0.523632	0.991822
4.572724	0.312370	0.936117	4.163291	0.523503	0.258505
4.572724	0.312370	0.936117	4.781188	0.959097	1.422029
1.512453	-1.349880	-2.905722	0.988659	-0.884705	-3.120043
1.512453	-1.349880	-2.905722	1.755898	-1.230330	-2.146848
1.512453	-1.349880	-2.905722	1.776802	-1.918055	-3.430855
0.017518	0.938723	0.709898	-0.395721	0.297124	0.471813
0.017518	0.938723	0.709898	0.188328	1.626971	0.292450
0.017518	0.938723	0.709898	0.340771	1.073370	1.426902
-2.497687	-0.356385	-4.792016	-2.125211	0.384047	-4.828942
-2.497687	-0.356385	-4.792016	-3.328091	-0.372885	-4.802579
-2.497687	-0.356385	-4.792016	-2.106044	-1.127714	-4.773852
4.154923	-3.558842	4.522080	4.783022	-3.990551	4.312373
4.154923	-3.558842	4.522080	3.889174	-2.827663	4.220066
-5.352033	-0.172246	-4.975307	-5.235092	-0.931953	-4.783442
-5.352033	-0.172246	-4.975307	-5.864379	0.069707	-4.512224
-5.352033	-0.172246	-4.975307	-5.024958	0.281723	-5.528592
0.833988	0.445943	-2.775255	0.159715	0.520598	-2.403507
0.833988	0.445943	-2.775255	1.077700	-0.125033	-3.251231
0.833988	0.445943	-2.775255	1.369320	1.016705	-2.669733
5.307982	-4.773764	1.158476	5.484497	-4.530249	0.486369
5.307982	-4.773764	1.158476	4.738305	-4.558223	1.638234
5.307982	-4.773764	1.158476	5.775533	-5.387090	1.469809
-1.721862	-5.668418	1.782130	-1.054723	-5.204099	1.606964
-1.721862	-5.668418	1.782130	-1.742422	-6.172228	2.424301
-1.721862	-5.668418	1.782130	-2.249020	-5.559674	1.242472
-5.307933	3.928508	0.423620	-4.756137	3.826387	0.906451
-5.307933	3.928508	0.423620	-5.318465	4.294435	-0.363952
-5.307933	3.928508	0.423620	-5.994130	3.602597	0.755283
2.648723	-1.527793	4.885256	3.020162	-1.202303	5.476024
2.648723	-1.527793	4.885256	2.571079	-2.268400	4.706726
2.648723	-1.527793	4.885256	2.357247	-0.906310	4.455907
4.374709	-0.721563	5.650100	4.539933	-0.050384	6.064394
4.374709	-0.721563	5.650100	4.909527	-1.305310	5.541417
4.374709	-0.721563	5.650100	3.734933	-0.952884	5.274890
4.539933	-0.050384	-5.375606	4.878292	-0.211727	-4.654493
4.539933	-0.050384	-5.375606	4.383588	0.703223	-5.669675
0.002920	-3.384316	-4.647762	-0.721957	-3.068837	-4.931794
0.002920	-3.384316	-4.647762	0.191327	-4.004206	-5.146083
0.002920	-3.384316	-4.647762	0.346153	-3.102842	-3.952910
4.822425	3.510411	-4.684367	4.758418	2.701325	-4.701309
4.822425	3.510411	-4.684367	5.424548	3.814188	-4.232750
4.822425	3.510411	-4.684367	4.348570	4.056740	-5.060873
5.563250	2.336294	2.770764	6.105348	2.261164	2.269373
5.563250	2.336294	2.770764	5.873547	1.975731	3.333483
5.563250	2.336294	2.770764	4.877849	2.719289	2.699044
1.663565	-3.475764	0.633186	2.296148	-3.154969	0.214243
1.663565	-3.475764	0.633186	1.330916	-4.202477	0.717468
1.663565	-3.475764	0.633186	1.218504	-3.003271	1.097253
-0.057363	2.662734	-2.370245	0.511037	2.974297	-2.823819
-0.057363	2.662734	-2.370245	-0.763331	2.284693	-2.653818
-0.057363	2.662734	-2.370245	0.023450	2.714026	-1.597561
4.791932	0.285395	-2.468153	5.199385	-0.320955	-2.171924
4.791932	0.285395	-2.468153	4.062570	0.107565	-2.714947
4.791932	0.285395	-2.468153	4.932203	1.021113	-2.583836
-3.772226	-3.337952	-2.400534	-3.047226	-3.311955	-2.077332
-3.772226	-3.337952	-2.400534	-4.169295	-3.962361	-2.459334
-3.772226	-3.337952	-2.400534	-4.117886	-2.637562	-2.673532
-3.235959	5.492483	-3.030536	-3.678971	5.230205	-3.676361
-3.235959	5.492483	-3.030536	-3.560652	5.184288	-2.372089
-3.235959	5.492483	-3.030536	-2.562664	5.955509	-3.011107
-2.790983	2.567512	-2.789649	-2.050198	2.629184	-2.465215
-2.790983	2.567512	-2.789649	-3.092812	3.278360	-3.003889
-2.790983	2.567512	-2.789649	-3.057386	1.820974	-2.830606
-1.347100	2.194871	0.295714	-1.989529	1.902607	0.660969
-1.347100	2.194871	0.295714	-1.172546	1.742962	-0.298311
-1.347100	2.194871	0.295714	-0.831368	2.715071	0.277559
3.864036	-0.564641	3.889251	4.576931	-0.269102	3.548483
-4.980231	-0.349735	2.260943	-5.508239	-0.884881	2.247845
-4.980231	-0.349735	2.260943	-5.064717	0.442484	2.507143
-4.980231	-0.349735	2.260943	-4.235783	-0.602163	2.019839
-4.045723	-5.280612	-5.609618	-4.468793	-5.056275	-6.227461
-4.045723	-5.280612	-5.609618	-3.340765	-5.625424	-5.779984
-4.045723	-5.280612	-5.609618	-4.395904	-5.099625	-4.888038
3.707951	-3.807522	1.944836	3.282737	-4.400725	2.195463
3.707951	-3.807522	1.944836	4.520580	-3.986412	2.031360
3.707951	-3.807522	1.944836	3.531251	-3.121401	1.619226
-5.473435	1.621822	1.814200	-5.334652	2.261164	2.269373
-5.473435	1.621822	1.814200	-4.941323	1.035278	1.960754
-5.349747	0.159546	4.462883	-4.926525	0.537660	3.937111
-5.349747	0.159546	4.462883	-5.432895	0.541459	5.231833
-5.349747	0.159546	4.462883	-5.691482	-0.566554	4.214842
4.789327	4.941417	-2.992826	5.198179	4.973939	-2.301850
4.789327	4.941417	-2.992826	4.670842	4.177369	-3.141097
4.789327	4.941417	-2.992826	4.524902	5.504586	-3.481806
-1.597611	-4.988794	-1.898289	-0.969554	-4.651785	-2.359191
-1.597611	-4.988794	-1.898289	-1.794336	-4.874234	-1.047297
-3.047888	5.136615	-5.541368	-2.893404	5.031951	-4.703047
-3.047888	5.136615	-5.541368	-2.853124	4.562055	-6.032445
-3.047888	5.136615	-5.541368	-3.340765	5.814576	-5.779984
-0.353997	-0.852597	-5.038212	-0.181964	-1.133580	-5.736447
-0.353997	-0.852597	-5.038212	-0.531950	-0.059433	-5.075531
-0.353997	-0.852597	-5.038212	-0.385582	-1.260114	-4.309705
-0.933627	-4.045156	-2.852913	-0.969554	-4.651785	-2.359191
-0.933627	-4.045156	-2.852913	-0.337878	-3.575893	-2.763415
-0.933627	-4.045156	-2.852913	-1.430855	-3.912930	-3.372256
-1.974870	2.783454	5.253600	-1.692285	3.084103	4.529118
-1.974870	2.783454	5.253600	-2.695457	2.519675	5.381320
-1.974870	2.783454	5.253600	-1.438597	2.747841	5.897373
0.121772	2.825870	5.302694	0.896365	2.798529	5.242162
0.121772	2.825870	5.302694	-0.247962	3.449434	5.169607
0.121772	2.825870	5.302694	-0.285371	2.174072	5.548443
-3.654312	-0.554772	5.187391	-3.736759	-0.152001	5.948583
-3.654312	-0.554772	5.187391	-3.810941	-1.325895	4.921468
1.796322	0.933877	1.430699	2.351816	0.340348	1.236879
1.796322	0.933877	1.430699	1.029663	0.790732	1.702798
1.796322	0.933877	1.430699	2.066419	1.690992	1.362362
4.632647	-3.003748	-4.807787	5.215427	-3.457576	-4.427215
4.632647	-3.003748	-4.807787	4.739433	-2.256402	-4.908650
-4.884872	3.619489	2.358149	-5.289639	3.775677	3.049206
-4.884872	3.619489	2.358149	-4.768629	2.811923	2.380957
-4.884872	3.619489	2.358149	-4.582806	4.013635	1.716273
-4.198214	2.145384	3.743939	-4.077762	1.547956	4.228890
-4.198214	2.145384	3.743939	-3.753340	2.579422	3.265884
-4.198214	2.145384	3.743939	-4.994351	2.367540	3.740381
4.993553	3.531079	2.566532	5.412945	3.963210	3.086425
4.993553	3.531079	2.566532	4.877849	2.719289	2.699044
4.993553	3.531079	2.566532	4.687697	3.862332	1.917659
-0.847190	1.448101	-2.586619	-0.763331	2.284693	-2.653818
-0.847190	1.448101	-2.586619	-0.477165	0.797690	-2.757679
-0.847190	1.448101	-2.586619	-1.528087	1.144307	-2.231213
5.162892	-5.712054	-0.094534	5.196303	-4.915471	-0.110697
5.162892	-5.712054	-0.094534	5.602833	-5.964763	-0.605012
-3.736759	-0.152001	-5.491417	-3.328091	-0.372885	-4.802579
-0.787974	-0.730742	-0.470899	-0.261818	-0.920212	-1.060750
-0.787974	-0.730742	-0.470899	-0.405153	-0.494648	0.284306
-0.787974	-0.730742	-0.470899	-1.632024	-0.767652	-0.596508
-0.380608	-2.710958	2.654637	0.447856	-2.503756	2.796255
-0.380608	-2.710958	2.654637	-0.943154	-2.994456	3.172330
-0.380608	-2.710958	2.654637	-0.635413	-2.592432	1.915215
5.421492	2.005514	0.645178	5.144082	2.825846	0.587595
5.421492	2.005514	0.645178	5.727966	1.641280	-0.007479
4.909527	-1.305310	5.541417	5.073443	-1.378929	4.794660
4.909527	-1.305310	5.541417	5.213469	-1.726099	6.089193
-4.463844	-4.335396	-4.577023	-4.038642	-4.250837	-3.902260
-4.463844	-4.335396	-4.577023	-4.935658	-3.801218	-4.993018
-4.463844	-4.335396	-4.577023	-4.395904	-5.099625	-4.888038
3.530825	-5.080025	3.844695	3.123409	-4.979330	4.535727
3.530825	-5.080025	3.844695	3.079241	-5.215247	3.212235
3.530825	-5.080025	3.844695	4.353948	-5.058153	3.632814
1.253447	-1.154751	0.219764	1.389635	-0.571410	-0.359800
1.253447	-1.154751	0.219764	0.554775	-1.442279	0.406843
-0.805778	1.474376	2.356132	-1.579645	1.788436	2.300893
-0.805778	1.474376	2.356132	-0.083253	1.617651	1.951628
-0.805778	1.474376	2.356132	-0.703189	0.925657	2.908826
-1.643461	1.136913	-1.509131	-1.556745	1.884590	-1.438937
-1.643461	1.136913	-1.509131	-1.528087	1.144307	-2.231213
-1.643461	1.136913	-1.509131	-1.800710	0.815248	-0.775705
-2.034469	-1.202503	-1.098599	-2.716098	-0.876680	-1.407027
-2.034469	-1.202503	-1.098599	-1.632024	-0.767652	-0.596508
-2.034469	-1.202503	-1.098599	-1.939318	-1.917865	-1.327858
3.809606	3.952990	-0.392696	4.308668	3.329758	-0.355154
3.809606	3.952990	-0.392696	3.066679	3.759692	-0.174519
3.809606	3.952990	-0.392696	3.985598	4.702917	-0.603437
1.262363	0.138755	-4.636894	0.616113	0.531397	-4.800624
1.262363	0.138755	-4.636894	1.411708	0.225990	-3.872745
1.262363	0.138755	-4.636894	1.703450	-0.254296	-5.166978
4.420179	0.386840	-0.518424	4.144956	-0.305789	-0.891085
4.420179	0.386840	-0.518424	4.923693	0.961882	-0.834278
4.420179	0.386840	-0.518424	4.163291	0.523503	0.258505
0.655418	-4.200843	5.614270	0.191327	-4.004206	6.293917
0.655418	-4.200843	5.614270	0.233511	-4.282129	4.845201
0.655418	-4.200843	5.614270	1.465231	-4.333821	5.607645
-5.537195	-3.420725	-1.663787	-5.937929	-3.200935	-1.041908
-5.537195	-3.420725	-1.663787	-5.460079	-2.889882	-2.308195
-4.561166	-1.649237	5.065723	-5.095107	-1.760868	4.564326
-4.561166	-1.649237	5.065723	-4.801553	-1.889169	5.842628
-4.561166	-1.649237	5.065723	-3.810941	-1.325895	4.921468
2.053172	1.169538	2.968507	1.331423	0.802931	2.947757
2.053172	1.169538	2.968507	2.087075	1.837849	2.463240
2.053172	1.169538	2.968507	2.663177	0.938785	3.417191
-1.008071	-0.988209	4.656825	-0.870932	-1.277988	3.938021
-1.008071	-0.988209	4.656825	-1.290502	-0.274501	4.685286
-1.008071	-0.988209	4.656825	-0.857366	-1.393652	5.357941
1.370033	4.306215	-2.555452	1.683377	4.439622	-1.829516
1.370033	4.306215	-2.555452	1.730612	4.107538	-3.238059
1.370033	4.306215	-2.555452	0.608589	4.294714	-2.577234
-3.100084	4.554150	-2.224397	-2.374926	4.713635	-1.913778
-3.100084	4.554150	-2.224397	-3.560652	5.184288	-2.372089
-3.100084	4.554150	-2.224397	-3.386757	3.793905	-2.418441
4.937154	-2.810224	2.207585	4.932999	-3.557085	2.506491
4.937154	-2.810224	2.207585	4.523053	-2.212773	2.561371
4.937154	-2.810224	2.207585	5.319100	-2.589589	1.545188
2.832727	1.505638	4.010745	3.493685	1.970397	3.940778
2.832727	1.505638	4.010745	2.347865	1.612872	4.645084
2.832727	1.505638	4.010745	2.663177	0.938785	3.417191
4.634142	1.271407	4.434518	4.102498	1.921068	4.427932
4.634142	1.271407	4.434518	4.784915	1.030023	5.180195
4.634142	1.271407	4.434518	4.932218	0.997425	3.737370
3.582794	2.521280	3.360293	3.493685	1.970397	3.940778
3.582794	2.521280	3.360293	4.139421	2.347230	2.751245
-1.949523	-0.466653	2.473857	-2.194809	-0.002585	1.892131
-1.949523	-0.466653	2.473857	-1.923350	-1.176636	2.718330
-1.949523	-0.466653	2.473857	-1.567370	-0.069896	2.974962
2.959205	-1.402510	-2.448047	2.738444	-2.173984	-2.663551
2.959205	-1.402510	-2.448047	2.490578	-0.911996	-2.049645
2.959205	-1.402510	-2.448047	3.628506	-1.066427	-2.636825
-4.164765	-5.564860	1.565377	-3.598844	-5.279161	1.029795
-4.164765	-5.564860	1.565377	-4.063423	-6.153955	2.050766
-5.466450	-0.385708	-2.266316	-6.240615	-0.320955	-2.171924
-5.466450	-0.385708	-2.266316	-5.365953	-0.422151	-3.003247
-5.466450	-0.385708	-2.266316	-4.868002	-0.416481	-1.749864
3.883025	-0.525328	-3.849040	3.318174	-0.433467	-4.339117
3.883025	-0.525328	-3.849040	3.855722	-0.502976	-3.120698
3.883025	-0.525328	-3.849040	4.490244	-0.661257	-4.175771
-1.403571	3.275919	-3.595165	-1.820064	3.265907	-4.284713
-1.403571	3.275919	-3.595165	-1.385281	2.758318	-2.956618
-4.096054	1.198455	-3.222849	-4.316447	0.439237	-3.362534
-4.096054	1.198455	-3.222849	-3.736542	1.495858	-2.586937
-4.096054	1.198455	-3.222849	-4.233106	1.753376	-3.798262
3.421145	0.905575	0.354229	3.458140	1.734003	0.205090
3.421145	0.905575	0.354229	2.762244	0.417769	0.550360
3.421145	0.905575	0.354229	4.163291	0.523503	0.258505
-0.261818	-0.920212	-1.060750	0.325175	-0.413186	-1.301992
-0.261818	-0.920212	-1.060750	-0.242473	-1.641149	-1.435382
2.449346	-2.286716	3.116899	2.567539	-2.884457	3.631811
2.449346	-2.286716	3.116899	2.169332	-1.539945	3.284038
2.449346	-2.286716	3.116899	2.611888	-2.339907	2.331681
4.302931	-1.315801	-2.264279	3.628506	-1.066427	-2.636825
4.302931	-1.315801	-2.264279	4.472318	-2.023645	-2.372754
4.302931	-1.315801	-2.264279	4.744742	-0.820108	-1.825658
-2.175257	-4.281067	-0.647088	-1.843243	-3.901044	0.019008
-2.175257	-4.281067	-0.647088	-1.794336	-4.874234	-1.047297
-2.175257	-4.281067	-0.647088	-2.927190	-4.019853	-0.896160
-1.839667	3.760241	-0.996401	-1.054053	3.757991	-0.731814
-1.839667	3.760241	-0.996401	-2.242942	3.020354	-1.118912
-1.839667	3.760241	-0.996401	-2.257776	4.481261	-1.143747
2.161285	-4.835254	-0.780201	1.546518	-5.247603	-0.738736
2.161285	-4.835254	-0.780201	2.763715	-4.766136	-0.209553
2.161285	-4.835254	-0.780201	2.231563	-4.435746	-1.461378
0.520396	-2.799821	0.687430	0.551422	-2.189586	0.147468
0.520396	-2.799821	0.687430	-0.140438	-3.207259	0.815700
0.520396	-2.799821	0.687430	1.218504	-3.003271	1.097253
3.867272	1.978636	-5.174241	3.811289	1.125433	-5.346506
3.867272	1.978636	-5.174241	4.059599	2.292275	-4.514501
3.867272	1.978636	-5.174241	3.701874	2.471568	-5.803945
0.159715	0.520598	-2.403507	-0.477165	0.797690	-2.757679
0.159715	0.520598	-2.403507	0.347132	0.302926	-1.688101
3.056295	-1.305881	0.052686	2.978490	-0.588225	-0.345217
3.056295	-1.305881	0.052686	2.440225	-1.794401	0.076422
3.056295	-1.305881	0.052686	3.757618	-1.474727	0.415689
-2.663501	-5.045007	4.421763	-2.055425	-5.332416	4.004882
-2.663501	-5.045007	4.421763	-2.906892	-5.145963	5.203775
1.821998	0.104516	-0.349995	2.527549	-0.033419	-0.055913
1.821998	0.104516	-0.349995	1.389635	-0.571410	-0.359800
1.821998	0.104516	-0.349995	1.595801	0.807437	-0.608254
-3.614023	3.132366	-0.761163	-3.976958	2.933839	-1.458146
-3.614023	3.132366	-0.761163	-2.901722	2.759713	-0.683369
-3.614023	3.132366	-0.761163	-3.727224	3.593437	-0.072629
-0.846139	0.155338	2.920627	-1.567370	-0.069896	2.974962
-0.846139	0.155338	2.920627	-0.703189	0.925657	2.908826
-0.846139	0.155338	2.920627	-0.362617	-0.471164	2.899744
1.653312	3.060060	0.952214	0.960954	3.268964	0.586877
1.653312	3.060060	0.952214	1.884290	2.260473	0.821559
1.653312	3.060060	0.952214	2.149846	3.550277	1.410177
-3.095044	2.882062	-5.537942	-2.913214	2.670601	-4.751323
-3.095044	2.882062	-5.537942	-2.695457	2.519675	-6.058680
-3.095044	2.882062	-5.537942	-3.677865	3.441170	-5.796295
-3.732269	-0.597328	-4.162710	-4.180895	-1.270913	-4.072039
-3.732269	-0.597328	-4.162710	-3.778080	-0.196351	-3.467253
-3.732269	-0.597328	-4.162710	-3.328091	-0.372885	-4.802579
-2.372528	0.609377	5.209830	-1.911763	0.423859	5.902712
-2.372528	0.609377	5.209830	-2.615407	0.073514	4.685740
-2.372528	0.609377	5.209830	-2.614852	1.274142	4.899697
0.260783	4.820495	-0.152703	-0.245668	4.748405	0.526892
0.260783	4.820495	-0.152703	0.988966	4.550079	-0.090720
-4.063806	1.461560	-1.847276	-4.330286	2.189390	-1.651821
-4.063806	1.461560	-1.847276	-3.736542	1.495858	-2.586937
5.625371	-3.228567	0.343835	5.081416	-2.856800	0.816963
5.625371	-3.228567	0.343835	5.928286	-3.919754	0.574461
5.625371	-3.228567	0.343835	5.769230	-2.834301	-0.333272
5.081416	-2.856800	0.816963	4.294522	-2.703537	0.589436
5.081416	-2.856800	0.816963	5.319100	-2.589589	1.545188
-2.877825	-2.623354	-0.995516	-2.952001	-3.336858	-1.295192
-2.877825	-2.623354	-0.995516	-3.400124	-2.031854	-0.901371
-2.877825	-2.623354	-0.995516	-2.220089	-2.398061	-0.755730
-1.689502	-4.803615	-4.884001	-2.102581	-5.324028	-4.365168
-1.689502	-4.803615	-4.884001	-1.069392	-4.436363	-4.629271
-1.689502	-4.803615	-4.884001	-1.886772	-4.591248	-5.640495
0.362151	1.566443	-0.994270	0.654030	1.572560	-0.274401
0.362151	1.566443	-0.994270	0.651583	0.963513	-1.340556
2.217395	-2.496422	-0.275007	1.908145	-2.551536	-1.040651
2.217395	-2.496422	-0.275007	2.440225	-1.794401	0.076422
2.217395	-2.496422	-0.275007	2.296148	-3.154969	0.214243
0.278457	3.696719	-3.033243	0.511037	2.974297	-2.823819
0.278457	3.696719	-3.033243	-0.219969	3.660203	-3.597817
0.278457	3.696719	-3.033243	0.608589	4.294714	-2.577234
-2.310593	2.719704	3.334887	-1.954108	2.527049	2.602261
-2.310593	2.719704	3.334887	-1.871477	2.572160	3.984750
-2.310593	2.719704	3.334887	-3.098747	3.046367	3.381490
5.618858	-1.062749	2.957030	5.272448	-0.628269	3.516142
5.618858	-1.062749	2.957030	5.931761	-0.884881	2.247845
5.618858	-1.062749	2.957030	5.645513	-1.837801	3.214552
-5.095107	-1.760868	4.564326	-5.040241	-2.371304	4.112844
-5.095107	-1.760868	4.564326	-5.675795	-1.257511	4.525247
-0.647386	0.667271	-4.056268	-0.788622	0.431339	-3.297550
-0.647386	0.667271	-4.056268	-0.158090	0.394786	-4.622396
-0.647386	0.667271	-4.056268	-1.087298	1.283684	-4.345255
3.020162	-1.202303	5.476024	3.734933	-0.952884	5.274890
3.020162	-1.202303	5.476024	2.708421	-1.110413	6.188329
-3.394493	4.684812	-4.176024	-3.678971	5.230205	-3.676361
-3.394493	4.684812	-4.176024	-2.893404	5.031951	-4.703047
-3.394493	4.684812	-4.176024	-3.637077	3.954592	-4.059222
-4.243399	0.751886	4.044884	-4.926525	0.537660	3.937111
-4.243399	0.751886	4.044884	-4.077762	1.547956	4.228890
-4.243399	0.751886	4.044884	-3.744445	0.158151	3.960115
-4.926525	0.537660	3.937111	-5.244182	0.712575	3.284366
-4.378787	3.249087	-5.436931	-4.716162	3.658117	-4.828496
-4.378787	3.249087	-5.436931	-3.677865	3.441170	-5.796295
5.215427	-3.457576	-4.427215	5.168374	-3.414041	-3.547412
-1.517022	-4.381514	5.152709	-1.642813	-3.629665	4.912245
-1.517022	-4.381514	5.152709	-1.886772	-4.591248	5.799505
-1.517022	-4.381514	5.152709	-1.077385	-4.679860	4.659999
1.366533	5.483288	4.972739	1.987824	5.918072	5.230080
1.366533	5.483288	4.972739	0.788620	5.296636	5.572896
1.366533	5.483288	4.972739	1.306425	5.217836	4.194473
-2.194809	-0.002585	1.892131	-2.536241	0.737992	2.081253
-2.194809	-0.002585	1.892131	-2.130147	-0.087359	1.107421
-0.453026	-1.707884	-2.143165	-0.860889	-2.383988	-2.116167
-0.453026	-1.707884	-2.143165	-0.370515	-1.293031	-2.796743
-0.453026	-1.707884	-2.143165	-0.242473	-1.641149	-1.435382
-5.435095	-3.692044	4.158497	-5.020665	-3.097246	4.452969
-5.435095	-3.692044	4.158497	-5.961421	-4.143773	4.611892
-5.435095	-3.692044	4.158497	-5.440625	-3.984683	3.403727
-4.108512	-4.747692	-1.279026	-4.478992	-4.290413	-1.799845
-4.108512	-4.747692	-1.279026	-4.280436	-5.570794	-1.304743
-4.108512	-4.747692	-1.279026	-3.608334	-4.397219	-0.759336
-4.478992	-4.290413	-1.799845	-4.169295	-3.962361	-2.459334
-4.094221	4.534901	1.939700	-3.419309	4.267488	2.135426
-4.094221	4.534901	1.939700	-4.582806	4.013635	1.716273
-4.094221	4.534901	1.939700	-4.063423	5.286045	2.050766
-4.535087	4.285817	4.152242	-4.984796	4.989890	4.284184
-4.535087	4.285817	4.152242	-3.740776	4.059613	4.274108
-4.535087	4.285817	4.152242	-4.999405	3.695858	3.814787
5.054742	-5.406140	-3.729496	5.208751	-4.781214	-3.246291
5.054742	-5.406140	-3.729496	5.426700	-5.496869	-4.461987
5.054742	-5.406140	-3.729496	4.524902	-5.935414	-3.481806
3.264673	-5.267584	-3.429463	3.776842	-5.844103	-3.770124
3.264673	-5.267584	-3.429463	3.520233	-4.522018	-3.580840
3.318174	-0.433467	-4.339117	3.041288	0.327282	-4.466009
3.318174	-0.433467	-4.339117	3.145549	-1.120188	-4.654265
4.102498	1.921068	4.427932	3.493685	1.970397	3.940778
4.102498	1.921068	4.427932	4.278417	2.515593	4.999072
-0.190265	5.221807	1.193406	-0.245668	4.748405	0.526892
-0.190265	5.221807	1.193406	0.103722	5.046038	1.947882
-0.273268	-2.997017	-0.939981	-0.700883	-3.267844	-0.309242
-0.273268	-2.997017	-0.939981	-0.006263	-2.293151	-1.032155
-0.273268	-2.997017	-0.939981	-0.035834	-3.352288	-1.552256
-0.129204	1.447687	5.227590	-0.285371	2.174072	5.548443
-0.129204	1.447687	5.227590	-0.673356	1.057048	4.820129
-2.384643	-3.530732	4.545222	-1.642813	-3.629665	4.912245
-2.384643	-3.530732	4.545222	-2.886598	-3.111805	4.929874
-2.384643	-3.530732	4.545222	-2.614176	-3.884236	3.837142
-1.989529	1.902607	0.660969	-2.621467	2.247227	0.564374
-1.989529	1.902607	0.660969	-1.898171	1.253196	1.104819
0.896365	2.798529	5.242162	1.333999	2.941527	5.848164
0.896365	2.798529	5.242162	1.286399	2.604060	4.589637
2.614506	3.226858	-0.572255	3.066679	3.759692	-0.174519
2.614506	3.226858	-0.572255	2.268848	3.396879	-1.225945
2.614506	3.226858	-0.572255	2.515428	2.447686	-0.325667
1.039735	-0.791258	-1.054810	1.389635	-0.571410	-0.359800
1.039735	-0.791258	-1.054810	0.325175	-0.413186	-1.301992
1.039735	-0.791258	-1.054810	1.371419	-1.392276	-1.466025
-0.247962	3.449434	5.169607	-0.403738	3.720156	5.934627
-0.247962	3.449434	5.169607	-0.491154	3.791235	4.548694
2.351816	0.340348	1.236879	2.521506	-0.338173	1.697500
2.351816	0.340348	1.236879	2.762244	0.417769	0.550360
-0.245668	4.748405	0.526892	-0.857208	4.192985	0.522904
0.988966	4.550079	-0.090720	0.956792	3.776923	-0.074288
0.988966	4.550079	-0.090720	1.557604	5.019519	-0.082854
-5.203630	5.079513	-0.528698	-5.318465	4.294435	-0.363952
-5.203630	5.079513	-0.528698	-5.837167	5.475237	-0.605012
-5.203630	5.079513	-0.528698	-4.507593	5.459241	-0.631376
4.783022	-3.990551	4.312373	4.769414	-4.359956	3.649968
4.783022	-3.990551	4.312373	5.478579	-4.143773	4.611892
5.556000	1.859265	-4.158532	5.954057	2.212443	-3.629885
5.556000	1.859265	-4.158532	5.374922	1.214076	-3.841947
5.556000	1.859265	-4.158532	5.355017	2.137833	-4.878633
0.219165	3.376046	-1.223757	-0.367178	3.959353	-1.131847
0.219165	3.376046	-1.223757	0.023450	2.714026	-1.597561
0.219165	3.376046	-1.223757	0.898195	3.624468	-0.889366
3.657507	5.093114	2.808842	2.957483	5.458509	3.039578
3.657507	5.093114	2.808842	4.371541	5.515610	2.706755
3.657507	5.093114	2.808842	3.696562	4.315518	2.718658
4.172636	-2.082038	0.126970	4.463646	-2.071797	-0.567510
4.172636	-2.082038	0.126970	4.294522	-2.703537	0.589436
4.172636	-2.082038	0.126970	3.757618	-1.474727	0.415689
1.955934	-0.923839	1.809954	1.381008	-0.916412	2.353318
1.955934	-0.923839	1.809954	1.940903	-1.551045	1.395149
1.955934	-0.923839	1.809954	2.521506	-0.338173	1.697500
4.384389	-2.197189	3.963112	3.889174	-2.827663	4.220066
4.384389	-2.197189	3.963112	4.439449	-1.555425	4.386767
2.637052	4.062244	4.894357	2.594589	3.628576	5.605422
2.637052	4.062244	4.894357	3.266404	4.549437	4.708632
2.637052	4.062244	4.894357	2.150575	4.106169	4.223267
3.041288	0.327282	-4.466009	3.120581	0.735148	-5.174465
3.041288	0.327282	-4.466009	2.710018	0.665420	-3.836121
5.073443	-1.378929	4.794660	5.764205	-1.257511	4.525247
5.073443	-1.378929	4.794660	4.439449	-1.555425	4.386767
-1.003844	-2.527625	3.785417	-0.660810	-2.882103	4.429011
-1.003844	-2.527625	3.785417	-0.943154	-2.994456	3.172330
-1.923350	-1.176636	2.718330	-2.084590	-1.588994	3.443136
-1.923350	-1.176636	2.718330	-1.638602	-1.672497	2.134040
-2.628059	-4.550020	5.653889	-2.906892	-5.145963	5.203775
-2.628059	-4.550020	5.653889	-1.886772	-4.591248	5.799505
-2.628059	-4.550020	5.653889	-3.029720	-3.961009	5.919133
-2.401804	-0.578600	0.579219	-2.165750	-0.325396	-0.172659
-2.401804	-0.578600	0.579219	-2.130147	-0.087359	1.107421
-2.401804	-0.578600	0.579219	-2.842638	-1.231702	0.812974
-0.788622	0.431339	-3.297550	-1.288301	-0.195693	-3.077764
-0.788622	0.431339	-3.297550	-0.477165	0.797690	-2.757679
2.549741	1.866983	1.878661	2.087075	1.837849	2.463240
2.549741	1.866983	1.878661	2.066419	1.690992	1.362362
2.549741	1.866983	1.878661	3.316817	2.056788	1.829584
-5.040241	-2.371304	4.112844	-5.020665	-3.097246	4.452969
3.406060	-4.967838	1.642814	4.195313	-5.162452	1.786756
3.406060	-4.967838	1.642814	2.825947	-5.164563	1.147015
3.406060	-4.967838	1.642814	3.282737	-4.400725	2.195463
-0.204560	3.876933	2.655253	-0.382356	4.559380	2.316527
-0.204560	3.876933	2.655253	0.128776	3.670063	3.364502
-0.204560	3.876933	2.655253	-0.483225	3.405195	2.076435
-5.196346	5.399399	3.598389	-6.030697	5.298409	3.519320
-5.196346	5.399399	3.598389	-4.984796	4.989890	4.284184
-5.196346	5.399399	3.598389	-4.485894	5.769670	3.258168
0.662377	5.297206	3.672292	0.697906	5.699792	2.941377
0.662377	5.297206	3.672292	-0.010043	4.905935	3.951380
0.662377	5.297206	3.672292	1.306425	5.217836	4.194473
1.907783	-5.501973	-4.167837	2.154168	-5.254841	-4.871071
1.907783	-5.501973	-4.167837	1.594678	-6.189335	-4.172756
1.907783	-5.501973	-4.167837	1.909125	-5.165520	-3.405100
-5.334652	2.261164	2.269373	-4.768629	2.811923	2.380957
1.902197	4.777126	3.856086	1.306425	5.217836	4.194473
1.902197	4.777126	3.856086	2.272541	4.968130	3.095636
1.902197	4.777126	3.856086	2.150575	4.106169	4.223267
-2.686785	-3.010388	-4.653682	-3.030119	-3.724767	-4.724008
-2.686785	-3.010388	-4.653682	-1.999196	-2.754178	-4.288500
-2.686785	-3.010388	-4.653682	-3.076312	-2.455137	-5.023785
-4.730429	-5.692271	-4.412065	-5.390774	-5.969854	-4.664204
-4.730429	-5.692271	-4.412065	-4.388058	-5.896344	-3.759924
-4.730429	-5.692271	-4.412065	-4.395904	-5.099625	-4.888038
5.560781	-4.516697	-5.404055	5.175079	-5.084014	-5.067814
-1.911763	0.423859	-5.537288	-2.125211	0.384047	-4.828942
3.202869	4.020784	-4.168573	3.726211	4.365374	-4.560343
3.202869	4.020784	-4.168573	3.454151	3.600404	-3.531587
-2.615407	0.073514	4.685740	-1.948884	-0.061496	4.329583
-2.299052	5.307065	3.057822	-1.742422	5.267772	2.424301
-2.299052	5.307065	3.057822	-1.943875	5.498865	3.711290
-2.299052	5.307065	3.057822	-3.101616	5.149144	2.959999
5.198179	4.973939	-2.301850	5.997964	4.787960	-2.196557
-3.109400	0.501717	3.046642	-2.501307	0.696334	3.589717
-3.109400	0.501717	3.046642	-3.604457	-0.098905	3.233112
-2.031761	0.091510	-2.778286	-1.288301	-0.195693	-3.077764
-2.031761	0.091510	-2.778286	-2.690379	-0.164721	-2.499906
-2.536241	0.737992	2.081253	-2.002573	1.282468	1.877110
0.551422	-2.189586	0.147468	0.595574	-2.200314	-0.673286
0.551422	-2.189586	0.147468	0.554775	-1.442279	0.406843
-1.183372	-4.376793	3.276769	-1.442054	-4.794313	3.928748
-1.183372	-4.376793	3.276769	-0.697602	-4.497619	2.693872
-1.183372	-4.376793	3.276769	-1.463578	-3.638487	3.198334
2.839094	-4.542923	2.845205	2.266314	-4.099504	3.125058
2.839094	-4.542923	2.845205	3.079241	-5.215247	3.212235
2.839094	-4.542923	2.845205	3.282737	-4.400725	2.195463
-0.115444	2.394810	0.485268	0.188328	1.626971	0.292450
-0.115444	2.394810	0.485268	0.303640	2.903118	0.925799
-0.115444	2.394810	0.485268	-0.831368	2.715071	0.277559
0.960954	3.268964	0.586877	0.303640	2.903118	0.925799
0.960954	3.268964	0.586877	0.956792	3.776923	-0.074288
1.947521	2.064070	0.042414	1.884290	2.260473	0.821559
1.947521	2.064070	0.042414	1.441592	1.503951	-0.258443
1.947521	2.064070	0.042414	2.515428	2.447686	-0.325667
-1.673936	0.502299	0.842243	-2.130147	-0.087359	1.107421
-1.673936	0.502299	0.842243	-1.074385	0.555123	0.403972
-1.673936	0.502299	0.842243	-1.898171	1.253196	1.104819
-2.667547	-4.292770	-3.629585	-3.277301	-4.095508	-4.073291
-2.667547	-4.292770	-3.629585	-2.461209	-5.020602	-3.643871
-1.326663	-3.177791	-4.453177	-0.721957	-3.068837	-4.931794
-1.326663	-3.177791	-4.453177	-1.270221	-3.876067	-4.120086
-1.326663	-3.177791	-4.453177	-1.999196	-2.754178	-4.288500
3.977553	-4.650183	-5.332450	3.381450	-4.761180	-4.853604
3.977553	-4.650183	-5.332450	4.515818	-5.216886	-5.378230
3.977553	-4.650183	-5.332450	3.898533	-3.978090	-5.632840
1.683377	4.439622	-1.829516	2.062999	5.056068	-1.503415
-5.503691	-2.080217	1.526018	-4.738461	-2.364192	1.474918
-5.503691	-2.080217	1.526018	-5.689086	-1.242766	1.573718
-5.503691	-2.080217	1.526018	-6.120900	-2.589589	1.545188
-3.891723	5.544113	-0.185161	-3.325151	4.974081	-0.183643
-3.891723	5.544113	-0.185161	-3.786097	6.221533	0.274049
-3.891723	5.544113	-0.185161	-4.507593	5.459241	-0.631376
3.700001	2.223871	-3.784232	3.245732	2.819266	-3.444835
3.700001	2.223871	-3.784232	4.059599	2.292275	-4.514501
3.700001	2.223871	-3.784232	3.898046	1.449255	-3.473784
-1.820064	3.265907	-4.284713	-1.489263	3.335250	-4.999730
-1.820064	3.265907	-4.284713	-2.587855	3.182312	-4.243768
-0.321586	-5.629564	4.828964	-0.347519	-4.877491	4.778208
-0.321586	-5.629564	4.828964	-0.601092	-6.163110	4.274364
-0.295541	-3.657665	0.217277	-0.700883	-3.267844	-0.309242
-0.295541	-3.657665	0.217277	-0.006346	-4.428233	0.238829
-0.295541	-3.657665	0.217277	-0.140438	-3.207259	0.815700
3.123409	-4.979330	4.535727	3.103129	-4.251227	4.757191
3.123409	-4.979330	4.535727	2.763366	-5.569895	4.960065
0.384507	-3.568558	-3.255299	0.920708	-4.057871	-2.873850
0.384507	-3.568558	-3.255299	-0.337878	-3.575893	-2.763415
0.384507	-3.568558	-3.255299	0.346153	-3.102842	-3.952910
-1.642813	-3.629665	4.912245	-1.083919	-3.074836	5.045053
-0.995840	-2.719342	-5.638480	-0.721957	-3.068837	-4.931794
-0.995840	-2.719342	-5.638480	-1.083919	-3.074836	-6.394947
4.195313	-5.162452	1.786756	4.628258	-5.750385	2.060887
4.195313	-5.162452	1.786756	4.738305	-4.558223	1.638234
4.308668	3.329758	-0.355154	4.431185	2.854851	0.286981
4.308668	3.329758	-0.355154	4.689769	3.116133	-0.939560
0.821036	2.386424	2.572970	1.586732	2.499137	2.562767
0.821036	2.386424	2.572970	0.564134	2.342643	3.296465
0.821036	2.386424	2.572970	0.255393	2.310894	2.069258
-3.797530	-2.305104	-4.744093	-3.920130	-1.999047	-4.015868
-3.797530	-2.305104	-4.744093	-4.395460	-2.476738	-5.257184
-3.797530	-2.305104	-4.744093	-3.076312	-2.455137	-5.023785
3.881005	-1.882692	2.145698	3.715727	-1.132195	1.805543
3.881005	-1.882692	2.145698	3.295907	-2.458379	2.045329
3.881005	-1.882692	2.145698	4.523053	-2.212773	2.561371
1.080925	-1.690839	5.546147	0.507025	-1.183405	5.312676
1.080925	-1.690839	5.546147	1.511656	-1.672072	6.180539
-2.716098	-0.876680	-1.407027	-2.927130	-0.168790	-1.726328
-3.265346	4.400487	2.919062	-3.340781	3.843167	3.517860
-3.265346	4.400487	2.919062	-3.419309	4.267488	2.135426
-3.265346	4.400487	2.919062	-3.101616	5.149144	2.959999
-2.663989	-2.133360	-5.642613	-2.024266	-1.713060	-5.374553
-2.663989	-2.133360	-5.642613	-2.927932	-2.317440	-6.401903
-2.663989	-2.133360	-5.642613	-3.076312	-2.455137	-5.023785
1.315786	3.058554	4.007134	1.929628	3.476237	3.846894
1.315786	3.058554	4.007134	1.286399	2.604060	4.589637
-0.969554	-4.651785	-2.359191	-0.321224	-5.109711	-2.234869
0.911863	0.975678	3.582676	1.050427	0.646127	4.293469
0.911863	0.975678	3.582676	1.331423	0.802931	2.947757
1.333999	2.941527	-5.591836	1.453287	3.670763	-5.266822
1.333999	2.941527	-5.591836	1.648951	2.267144	-5.342377
-3.325151	4.974081	-0.183643	-2.567607	4.978224	-0.510998
-3.325151	4.974081	-0.183643	-3.334558	4.265383	0.165445
-2.927130	-0.168790	-1.726328	-2.690379	-0.164721	-2.499906
-2.927130	-0.168790	-1.726328	-3.346461	0.421544	-1.311334
2.527549	-0.033419	-0.055913	2.978490	-0.588225	-0.345217
2.527549	-0.033419	-0.055913	2.762244	0.417769	0.550360
-3.976958	2.933839	-1.458146	-4.330286	2.189390	-1.651821
-3.976958	2.933839	-1.458146	-4.025108	3.477872	-2.039418
4.878292	-0.211727	-4.654493	5.575621	0.069707	-4.512224
4.878292	-0.211727	-4.654493	4.490244	-0.661257	-4.175771
-3.970360	1.342767	0.238020	-4.215242	0.751143	0.801049
-3.970360	1.342767	0.238020	-4.472612	2.017191	0.179740
-3.970360	1.342767	0.238020	-3.297704	1.385281	-0.237541
-1.192731	4.670808	-3.577872	-1.107394	5.009273	-2.811329
-1.192731	4.670808	-3.577872	-1.478531	5.015450	-4.285179
-1.481237	4.365166	1.030324	-2.157055	4.623780	0.848329
-1.481237	4.365166	1.030324	-0.857208	4.192985	0.522904
-1.481237	4.365166	1.030324	-1.318241	4.243729	1.758141
-2.933535	2.652199	1.148480	-2.621467	2.247227	0.564374
-2.933535	2.652199	1.148480	-3.668418	2.430940	1.312145
0.920708	-4.057871	-2.873850	1.157246	-3.887809	-2.101520
0.920708	-4.057871	-2.873850	1.188611	-4.818156	-3.199058
-0.860889	-2.383988	-2.116167	-1.643442	-2.280398	-2.034353
-0.860889	-2.383988	-2.116167	-0.418729	-3.101354	-2.156192
2.549856	2.477362	-2.253445	2.386714	1.697994	-2.016658
2.549856	2.477362	-2.253445	2.577975	2.842553	-2.966805
4.431185	2.854851	0.286981	5.144082	2.825846	0.587595
4.431185	2.854851	0.286981	3.797891	2.403047	0.615927
-2.165750	-0.325396	-0.172659	-2.407416	0.373290	-0.533767
-2.165750	-0.325396	-0.172659	-1.632024	-0.767652	-0.596508
-1.288301	-0.195693	-3.077764	-0.936313	-0.857969	-3.202985
-0.835510	-1.814332	1.850816	-0.297637	-1.193381	1.573427
-0.835510	-1.814332	1.850816	-0.635413	-2.592432	1.915215
-0.835510	-1.814332	1.850816	-1.638602	-1.672497	2.134040
-5.675795	-1.257511	4.525247	-5.691482	-0.566554	4.214842
5.168374	-3.414041	-3.547412	5.414379	-2.837254	-2.936736
5.168374	-3.414041	-3.547412	4.764384	-4.099161	-3.256389
0.511037	2.974297	-2.823819	1.240281	2.789183	-3.171685
-4.280436	-5.570794	-1.304743	-4.214100	-5.976206	-1.990446
-4.280436	-5.570794	-1.304743	-4.507593	-5.980759	-0.631376
-1.442054	-4.794313	3.928748	-2.055425	-5.332416	4.004882
-1.442054	-4.794313	3.928748	-1.077385	-4.679860	4.659999
-0.870932	-1.277988	3.938021	-0.261171	-0.923902	3.593676
-2.567607	4.978224	-0.510998	-2.083679	5.493353	-0.134255
-2.567607	4.978224	-0.510998	-2.257776	4.481261	-1.143747
-4.077762	1.547956	4.228890	-3.786399	1.763043	4.945714
-4.646719	-3.192839	-5.501839	-4.935658	-3.801218	-4.993018
-4.646719	-3.192839	-5.501839	-4.395460	-2.476738	-5.257184
-0.763331	2.284693	-2.653818	-1.385281	2.758318	-2.956618
1.586732	2.499137	2.562767	2.087075	1.837849	2.463240
1.586732	2.499137	2.562767	1.966841	3.206077	2.644656
4.293069	1.072989	2.076434	3.905215	1.774090	2.178662
4.293069	1.072989	2.076434	4.136652	0.574828	2.630035
4.293069	1.072989	2.076434	4.781188	0.959097	1.422029
1.906262	4.526860	-3.918021	1.730612	4.107538	-3.238059
1.906262	4.526860	-3.918021	1.594678	5.250665	-4.172756
0.595574	-2.200314	-0.673286	-0.006263	-2.293151	-1.032155
0.595574	-2.200314	-0.673286	1.280878	-2.082105	-1.060661
0.697906	5.699792	2.941377	0.704949	6.399289	2.715229
2.373038	3.294541	3.252834	1.929628	3.476237	3.846894
2.373038	3.294541	3.252834	1.966841	3.206077	2.644656
1.453287	3.670763	-5.266822	2.199987	3.830464	-5.142500
1.453287	3.670763	-5.266822	0.830765	4.133242	-5.119272
3.245732	2.819266	-3.444835	3.454151	3.600404	-3.531587
3.245732	2.819266	-3.444835	2.577975	2.842553	-2.966805
-2.374926	4.713635	-1.913778	-1.802377	5.127387	-2.371946
-2.374926	4.713635	-1.913778	-2.257776	4.481261	-1.143747
3.628248	-3.105045	0.797261	3.072728	-3.458782	0.255581
3.628248	-3.105045	0.797261	4.294522	-2.703537	0.589436
3.628248	-3.105045	0.797261	3.531251	-3.121401	1.619226
-3.598844	-5.279161	1.029795	-3.786097	-5.218467	0.274049
-3.598844	-5.279161	1.029795	-2.830194	-5.022997	1.164306
5.272448	-0.628269	3.516142	5.748518	-0.566554	4.214842
5.272448	-0.628269	3.516142	4.576931	-0.269102	3.548483
3.247731	5.257182	5.112141	3.704347	5.428920	5.702871
3.247731	5.257182	5.112141	2.763366	5.870105	4.960065
3.247731	5.257182	5.112141	3.266404	4.549437	4.708632
-5.407458	-1.535455	-5.255916	-5.235092	-0.931953	-4.783442
-5.407458	-1.535455	-5.255916	-4.801553	-1.889169	-5.597372
-5.407458	-1.535455	-5.255916	-6.226531	-1.726099	-5.350807
1.617085	-2.255937	-4.694158	1.298505	-2.203251	-3.997851
1.617085	-2.255937	-4.694158	2.123564	-2.802938	-5.010449
1.617085	-2.255937	-4.694158	1.511656	-1.672072	-5.259461
-3.419210	4.038228	5.085552	-2.853124	4.562055	5.407555
-3.419210	4.038228	5.085552	-3.677865	3.441170	5.643705
-3.419210	4.038228	5.085552	-3.740776	4.059613	4.274108
3.381450	-4.761180	-4.853604	3.373333	-4.230993	-4.277594
3.381450	-4.761180	-4.853604	2.905910	-5.296444	-4.903045
4.758418	2.701325	-4.701309	4.059599	2.292275	-4.514501
4.758418	2.701325	-4.701309	5.355017	2.137833	-4.878633
-3.784374	-1.553703	2.862004	-3.852521	-0.735089	2.722472
-3.784374	-1.553703	2.862004	-4.423557	-2.106461	2.825052
-3.784374	-1.553703	2.862004	-3.115270	-1.909581	3.047644
-2.851767	4.272196	0.847296	-2.157055	4.623780	0.848329
-2.851767	4.272196	0.847296	-3.334558	4.265383	0.165445
-2.851767	4.272196	0.847296	-2.999620	3.947495	1.572302
-2.303017	-3.558340	3.175301	-2.761116	-3.199829	2.626434
-2.303017	-3.558340	3.175301	-2.614176	-3.884236	3.837142
-2.303017	-3.558340	3.175301	-1.463578	-3.638487	3.198334
0.447856	-2.503756	2.796255	0.839347	-1.940097	3.177047
0.447856	-2.503756	2.796255	0.958284	-2.975753	2.495614
2.505960	-2.152781	-3.395210	2.738444	-2.173984	-2.663551
2.505960	-2.152781	-3.395210	2.918462	-2.301276	-4.091881
2.505960	-2.152781	-3.395210	1.776802	-1.918055	-3.430855
1.907782	4.611740	2.389070	1.993854	3.821733	2.147949
1.907782	4.611740	2.389070	1.457348	5.129702	1.951561
1.907782	4.611740	2.389070	2.272541	4.968130	3.095636
5.041524	-2.130142	-2.924609	5.237277	-1.535613	-3.456522
5.041524	-2.130142	-2.924609	5.414379	-2.837254	-2.936736
5.041524	-2.130142	-2.924609	4.472318	-2.023645	-2.372754
-0.700883	-3.267844	-0.309242	-1.506459	-3.201472	-0.136819
4.733486	1.528581	-1.465612	4.923693	0.961882	-0.834278
4.733486	1.528581	-1.465612	5.170334	1.540864	-2.128660
4.733486	1.528581	-1.465612	4.126530	2.037880	-1.380676
4.650913	-0.887798	-1.124343	4.144956	-0.305789	-0.891085
4.650913	-0.887798	-1.124343	4.952456	-1.424138	-0.671400
4.650913	-0.887798	-1.124343	4.744742	-0.820108	-1.825658
-5.442036	4.787960	-2.196557	-5.215603	4.113039	-1.837083
-1.172546	1.742962	-0.298311	-1.316883	0.992642	-0.195910
-1.172546	1.742962	-0.298311	-0.902623	1.930750	-1.012186
1.794148	5.431152	1.275174	1.970284	5.129378	0.550945
1.794148	5.431152	1.275174	1.457348	5.129702	1.951561
-2.125211	0.384047	-4.828942	-1.912409	1.065449	-4.374007
-5.161971	2.066236	-0.266393	-5.395591	2.486844	-0.956767
-5.161971	2.066236	-0.266393	-5.712034	1.641280	-0.007479
-5.161971	2.066236	-0.266393	-4.472612	2.017191	0.179740
4.400842	-4.049890	-0.940895	4.726524	-3.297728	-1.066963
4.400842	-4.049890	-0.940895	4.918855	-4.594726	-0.799015
4.400842	-4.049890	-0.940895	3.632559	-4.114975	-0.978462
-2.913214	2.670601	-4.751323	-3.071052	1.914724	-4.419089
-2.913214	2.670601	-4.751323	-2.587855	3.182312	-4.243768
-3.182288	-1.765051	4.521724	-2.803763	-1.740895	3.747175
-3.182288	-1.765051	4.521724	-3.810941	-1.325895	4.921468
-3.182288	-1.765051	4.521724	-2.927932	-2.317440	5.038097
5.225484	-3.934708	3.129979	4.932999	-3.557085	2.506491
5.225484	-3.934708	3.129979	4.769414	-4.359956	3.649968
5.225484	-3.934708	3.129979	5.999375	-3.984683	3.403727
0.516431	-3.910712	-1.620034	1.157246	-3.887809	-2.101520
0.516431	-3.910712	-1.620034	-0.035834	-3.352288	-1.552256
0.516431	-3.910712	-1.620034	0.497528	-4.559581	-1.246545
-0.395721	0.297124	0.471813	-1.074385	0.555123	0.403972
-0.395721	0.297124	0.471813	-0.405153	-0.494648	0.284306
0.502901	-5.348207	-3.337312	0.418366	-5.567570	-4.132845
0.502901	-5.348207	-3.337312	1.188611	-4.818156	-3.199058
0.502901	-5.348207	-3.337312	-0.000017	-5.580562	-2.779414
-5.397339	4.112562	-4.733392	-4.716162	3.658117	-4.828496
-5.397339	4.112562	-4.733392	-6.015452	3.814188	-4.232750
-5.397339	4.112562	-4.733392	-5.498679	4.830590	-5.093847
4.940731	3.058871	4.900315	4.720628	3.824280	4.913518
4.940731	3.058871	4.900315	4.278417	2.515593	4.999072
4.940731	3.058871	4.900315	5.732394	2.861641	4.791649
-3.786097	-5.218467	0.274049	-3.856938	-4.442451	-0.021872
5.050942	4.126465	1.263131	5.004973	4.925283	1.069235
5.050942	4.126465	1.263131	4.687697	3.862332	1.917659
5.050942	4.126465	1.263131	5.445870	3.602597	0.755283
2.738444	-2.173984	-2.663551	2.786806	-2.747237	-2.163678
-1.107394	5.009273	-2.811329	-0.319617	5.190844	-2.591330
-1.107394	5.009273	-2.811329	-1.802377	5.127387	-2.371946
-3.608334	-4.397219	-0.759336	-3.856938	-4.442451	-0.021872
-3.608334	-4.397219	-0.759336	-2.927190	-4.019853	-0.896160
4.265130	-1.849231	-4.440193	4.695031	-1.386035	-3.995989
4.265130	-1.849231	-4.440193	4.739433	-2.256402	-4.908650
4.265130	-1.849231	-4.440193	3.462647	-1.817306	-4.365899
0.825496	-0.432807	2.305980	0.038762	-0.704707	2.229201
0.825496	-0.432807	2.305980	1.381008	-0.916412	2.353318
1.025484	-3.637224	2.856158	0.958284	-2.975753	2.495614
1.025484	-3.637224	2.856158	0.477640	-3.970430	3.357465
1.025484	-3.637224	2.856158	1.581829	-4.103309	2.772175
-3.402579	-1.218645	-2.632875	-3.199793	-1.842576	-3.015575
-3.402579	-1.218645	-2.632875	-3.289286	-0.496980	-2.889371
-3.402579	-1.218645	-2.632875	-3.735639	-1.229672	-1.963338
-5.235092	-0.931953	-4.783442	-4.935663	-1.113761	-4.048118
1.546518	-5.247603	-0.738736	1.725658	-6.003344	-0.808659
-3.839100	-2.216655	-3.281361	-3.199793	-1.842576	-3.015575
-3.839100	-2.216655	-3.281361	-3.920130	-1.999047	-4.015868
-3.839100	-2.216655	-3.281361	-4.117886	-2.637562	-2.673532
1.973052	-3.770484	5.296163	2.433839	-3.858343	4.620127
1.973052	-3.770484	5.296163	1.465231	-4.333821	5.607645
1.973052	-3.770484	5.296163	2.022599	-3.098558	5.680449
-2.055425	-5.332416	4.004882	-1.943875	-5.941135	3.711290
-3.753340	2.579422	3.265884	-4.086726	2.497139	2.549798
-3.753340	2.579422	3.265884	-3.098747	3.046367	3.381490
5.646568	1.918716	-5.643930	5.355017	2.137833	-4.878633
5.646568	1.918716	-5.643930	5.519136	1.174248	-6.030241
0.654030	1.572560	-0.274401	0.188328	1.626971	0.292450
0.654030	1.572560	-0.274401	1.441592	1.503951	-0.258443
4.057721	-1.034487	1.074977	3.715727	-1.132195	1.805543
4.057721	-1.034487	1.074977	4.679411	-0.523632	0.991822
4.057721	-1.034487	1.074977	3.757618	-1.474727	0.415689
4.784915	1.030023	5.180195	4.383588	0.703223	5.770325
4.784915	1.030023	5.180195	5.519136	1.174248	5.409759
1.625514	1.857027	4.659044	1.092010	1.258930	4.793595
1.625514	1.857027	4.659044	2.347865	1.612872	4.645084
1.625514	1.857027	4.659044	1.286399	2.604060	4.589637
-1.290502	-0.274501	4.685286	-1.003120	0.356767	5.076387
-1.290502	-0.274501	4.685286	-1.948884	-0.061496	4.329583
3.811289	1.125433	-5.346506	3.120581	0.735148	-5.174465
3.811289	1.125433	-5.346506	4.383588	0.703223	-5.669675
-4.648127	-1.823545	-1.612148	-4.454654	-1.099740	-1.774514
-2.102581	-5.324028	-4.365168	-2.461209	-5.020602	-3.643871
-2.102581	-5.324028	-4.365168	-2.186086	-6.093132	-4.454270
5.208751	-4.781214	-3.246291	5.803338	-4.807656	-2.752913
5.208751	-4.781214	-3.246291	4.764384	-4.099161	-3.256389
-2.952001	-3.336858	-1.295192	-3.047226	-3.311955	-2.077332
-2.952001	-3.336858	-1.295192	-2.927190	-4.019853	-0.896160
-2.552979	-2.604824	0.626988	-2.550556	-1.955300	1.126029
-2.552979	-2.604824	0.626988	-3.104961	-3.155186	0.943398
-3.199793	-1.842576	-3.015575	-2.474818	-2.130181	-3.152372
-1.003120	0.356767	5.076387	-0.673356	1.057048	4.820129
-3.879390	5.431966	2.845884	-4.063423	5.286045	2.050766
-3.879390	5.431966	2.845884	-3.101616	5.149144	2.959999
-3.879390	5.431966	2.845884	-4.485894	5.769670	3.258168
-5.390774	5.470146	-4.664204	-6.013300	5.943131	-4.461987
-5.390774	5.470146	-4.664204	-5.498679	4.830590	-5.093847
-3.264257	-3.436807	2.130452	-2.761116	-3.199829	2.626434
-3.264257	-3.436807	2.130452	-2.955820	-3.689397	1.517403
-3.264257	-3.436807	2.130452	-4.099260	-3.385049	2.225196
-2.084590	-1.588994	3.443136	-2.803763	-1.740895	3.747175
4.932999	-3.557085	2.506491	4.520580	-3.986412	2.031360
-4.709841	0.230916	-1.246262	-4.868002	-0.416481	-1.749864
-4.709841	0.230916	-1.246262	-5.190677	0.348524	-0.540408
0.293676	-1.249219	-3.212220	0.175032	-1.687877	-3.888890
0.293676	-1.249219	-3.212220	0.988659	-0.884705	-3.120043
0.293676	-1.249219	-3.212220	-0.370515	-1.293031	-2.796743
5.175079	-5.084014	-5.067814	5.426700	-5.496869	-4.461987
5.175079	-5.084014	-5.067814	4.515818	-5.216886	-5.378230
4.463646	-2.071797	-0.567510	4.952456	-1.424138	-0.671400
2.266314	-4.099504	3.125058	1.581829	-4.103309	2.772175
2.266314	-4.099504	3.125058	2.400090	-3.635135	3.800176
-1.964300	2.535938	-1.689378	-2.050198	2.629184	-2.465215
-1.964300	2.535938	-1.689378	-1.556745	1.884590	-1.438937
-1.964300	2.535938	-1.689378	-2.242942	3.020354	-1.118912
5.527428	3.170602	-0.987065	4.689769	3.116133	-0.939560
5.527428	3.170602	-0.987065	5.959439	3.863307	-1.066386
5.527428	3.170602	-0.987065	6.044409	2.486844	-0.956767
-0.261171	-0.923902	3.593676	-0.362617	-0.471164	2.899744
0.651583	0.963513	-1.340556	0.347132	0.302926	-1.688101
0.651583	0.963513	-1.340556	1.412760	1.001697	-1.337063
-3.277301	-4.095508	-4.073291	-4.038642	-4.250837	-3.902260
-3.277301	-4.095508	-4.073291	-3.030119	-3.724767	-4.724008
-1.586849	-5.416062	-0.507769	-2.083679	-5.946647	-0.134255
-1.586849	-5.416062	-0.507769	-0.788849	-5.375256	-0.361765
-1.586849	-5.416062	-0.507769	-1.794336	-4.874234	-1.047297
0.311068	-3.796903	4.166117	0.233511	-4.282129	4.845201
0.311068	-3.796903	4.166117	0.143364	-3.023292	4.346850
0.311068	-3.796903	4.166117	0.477640	-3.970430	3.357465
4.689769	3.116133	-0.939560	4.116562	2.844902	-1.413640
-1.153770	3.913295	-5.345097	-1.447388	4.573812	-5.525259
-1.153770	3.913295	-5.345097	-1.489263	3.335250	-4.999730
-1.153770	3.913295	-5.345097	-0.403738	3.720156	-5.505373
5.144082	2.825846	0.587595	5.445870	3.602597	0.755283
2.069271	0.098072	5.581484	1.896905	-0.324080	4.856769
2.069271	0.098072	5.581484	1.703450	-0.254296	6.273022
2.069271	0.098072	5.581484	2.523042	0.777699	5.732300
3.048296	-2.679993	4.166622	2.567539	-2.884457	3.631811
3.048296	-2.679993	4.166622	3.889174	-2.827663	4.220066
3.048296	-2.679993	4.166622	2.571079	-2.268400	4.706726
-0.382356	4.559380	2.316527	-1.157010	4.789693	2.259410
-0.382356	4.559380	2.316527	0.103722	5.046038	1.947882
-1.054723	-5.204099	1.606964	-0.951760	-4.546321	1.941101
-3.920130	-1.999047	-4.015868	-4.180895	-1.270913	-4.072039
4.625330	4.191918	5.634442	4.720628	3.824280	4.913518
4.625330	4.191918	5.634442	4.950531	4.927445	5.629100
4.625330	4.191918	5.634442	4.348570	4.056740	6.379127
3.066679	3.759692	-0.174519	2.864313	4.147975	0.480569
2.413096	1.509224	5.381546	2.340522	2.231432	5.765514
2.413096	1.509224	5.381546	2.347865	1.612872	4.645084
2.413096	1.509224	5.381546	2.523042	0.777699	5.732300
1.884290	2.260473	0.821559	2.066419	1.690992	1.362362
-5.610399	-0.822450	0.260376	-6.027809	-0.858504	0.947418
-5.610399	-0.822450	0.260376	-5.789372	-1.440202	-0.285752
-4.801553	-1.889169	-5.597372	-4.395460	-2.476738	-5.257184
2.763715	-4.766136	-0.209553	2.960685	-5.291312	0.355885
2.763715	-4.766136	-0.209553	3.157855	-4.085425	-0.284437
-2.550556	-1.955300	1.126029	-2.310852	-2.016845	1.880838
-2.550556	-1.955300	1.126029	-2.842638	-1.231702	0.812974
-4.330286	2.189390	-1.651821	-5.113750	2.238138	-1.653674
-5.347874	-2.100098	-0.485128	-5.670770	-2.834301	-0.333272
-5.347874	-2.100098	-0.485128	-5.789372	-1.440202	-0.285752
-0.321224	-5.109711	-2.234869	-0.028391	-5.089687	-1.480943
-0.321224	-5.109711	-2.234869	-0.000017	-5.580562	-2.779414
5.332689	-4.962795	-1.396211	5.232150	-5.708428	-1.278122
5.332689	-4.962795	-1.396211	4.918855	-4.594726	-0.799015
5.332689	-4.962795	-1.396211	5.750013	-4.662597	-1.952389
-5.669806	3.223351	-3.100046	-5.638990	2.516075	-2.925993
-5.669806	3.223351	-3.100046	-6.164808	3.734767	-3.425084
-5.669806	3.223351	-3.100046	-4.959244	3.414933	-2.929614
-3.812984	2.092330	1.966279	-4.086726	2.497139	2.549798
-3.812984	2.092330	1.966279	-3.668418	2.430940	1.312145
2.826089	3.737699	1.110164	3.410496	3.439699	1.514584
2.826089	3.737699	1.110164	2.864313	4.147975	0.480569
2.826089	3.737699	1.110164	2.149846	3.550277	1.410177
1.518889	1.374263	-3.373811	1.201006	2.099107	-3.584708
1.518889	1.374263	-3.373811	1.968781	0.797283	-3.697258
1.518889	1.374263	-3.373811	1.369320	1.016705	-2.669733
3.373333	-4.230993	-4.277594	3.263587	-3.525359	-4.559952
3.373333	-4.230993	-4.277594	3.520233	-4.522018	-3.580840
3.547372	3.932805	3.418127	3.810832	4.256676	4.142723
3.547372	3.932805	3.418127	3.696562	4.315518	2.718658
-4.134390	2.631492	0.666330	-4.224858	3.385823	0.497652
-4.134390	2.631492	0.666330	-4.472612	2.017191	0.179740
-4.134390	2.631492	0.666330	-3.668418	2.430940	1.312145
-5.511714	-3.919754	0.574461	-5.955503	-4.530249	0.486369
-5.511714	-3.919754	0.574461	-4.821016	-4.053398	0.899000
5.196303	-4.915471	-0.110697	4.918855	-4.594726	-0.799015
5.196303	-4.915471	-0.110697	5.484497	-4.530249	0.486369
-0.367178	3.959353	-1.131847	-1.054053	3.757991	-0.731814
-0.367178	3.959353	-1.131847	-0.099932	4.616040	-1.429282
2.490578	-0.911996	-2.049645	2.922836	-0.283647	-1.701783
2.490578	-0.911996	-2.049645	1.755898	-1.230330	-2.146848
-2.830194	-5.022997	1.164306	-2.562248	-4.244338	1.201797
-2.830194	-5.022997	1.164306	-2.249020	-5.559674	1.242472
-1.643442	-2.280398	-2.034353	-2.158835	-2.508177	-2.580187
-1.643442	-2.280398	-2.034353	-1.939318	-1.917865	-1.327858
2.565433	-0.967891	3.717524	2.169332	-1.539945	3.284038
2.565433	-0.967891	3.717524	2.357247	-0.906310	4.455907
-5.508239	-0.884881	2.247845	-5.689086	-1.242766	1.573718
-3.340781	3.843167	3.517860	-3.098747	3.046367	3.381490
-3.340781	3.843167	3.517860	-3.740776	4.059613	4.274108
3.630860	4.038189	-2.236491	3.535232	3.332735	-1.812617
3.630860	4.038189	-2.236491	3.455848	4.766511	-1.851615
5.412191	-0.858504	0.947418	5.750914	-1.242766	1.573718
5.412191	-0.858504	0.947418	4.679411	-0.523632	0.991822
0.325175	-0.413186	-1.301992	0.347132	0.302926	-1.688101
1.111392	1.912311	-4.927918	0.776978	2.151705	-4.260286
1.111392	1.912311	-4.927918	1.648951	2.267144	-5.342377
-5.064717	0.442484	2.507143	-4.941323	1.035278	1.960754
-5.064717	0.442484	2.507143	-5.244182	0.712575	3.284366
-1.054053	3.757991	-0.731814	-0.907750	3.533178	0.057681
-0.006346	-4.428233	0.238829	0.818747	-4.463455	0.121347
-0.006346	-4.428233	0.238829	-0.433961	-5.099330	0.340411
1.972793	-2.227426	1.848873	1.940903	-1.551045	1.395149
1.972793	-2.227426	1.848873	1.371773	-2.748199	1.817927
1.972793	-2.227426	1.848873	2.611888	-2.339907	2.331681
2.062999	5.056068	-1.503415	2.786409	5.271571	-1.881275
2.062999	5.056068	-1.503415	1.725658	5.436656	-0.808659
-0.072721	-5.304585	-4.671500	0.418366	-5.567570	-4.132845
-0.072721	-5.304585	-4.671500	-0.417620	-5.852584	-5.172417
-0.697602	-4.497619	2.693872	0.106464	-4.538079	2.895261
-0.697602	-4.497619	2.693872	-0.951760	-4.546321	1.941101
-5.282536	5.354558	4.961128	-4.984796	4.989890	4.284184
-5.282536	5.354558	4.961128	-5.146825	6.140659	5.108894
3.894772	3.869198	2.041677	3.410496	3.439699	1.514584
3.894772	3.869198	2.041677	3.696562	4.315518	2.718658
3.894772	3.869198	2.041677	4.687697	3.862332	1.917659
-3.678971	5.230205	-3.676361	-4.388058	5.543656	-3.759924
-0.818553	2.278976	-5.328357	-0.285371	2.174072	-5.891557
-0.818553	2.278976	-5.328357	-1.438597	2.747841	-5.542627
1.163068	-0.135976	4.568368	0.699664	-0.751266	4.614098
1.163068	-0.135976	4.568368	1.896905	-0.324080	4.856769
1.163068	-0.135976	4.568368	1.050427	0.646127	4.293469
-3.560652	5.184288	-2.372089	-4.214100	5.463794	-1.990446
0.927535	5.342983	-4.483052	0.847625	4.897379	-5.179071
0.927535	5.342983	-4.483052	0.418366	5.872430	-4.132845
0.927535	5.342983	-4.483052	1.594678	5.250665	-4.172756
2.433839	-3.858343	4.620127	3.103129	-4.251227	4.757191
2.433839	-3.858343	4.620127	2.400090	-3.635135	3.800176
4.726524	-3.297728	-1.066963	5.502071	-3.200935	-1.041908
-5.638990	2.516075	-2.925993	-5.485943	2.212443	-3.629885
-5.638990	2.516075	-2.925993	-5.681790	2.089230	-2.241541
3.079241	-5.215247	3.212235	2.957483	-5.981491	3.039578
-1.275190	3.509019	1.980713	-0.483225	3.405195	2.076435
-1.275190	3.509019	1.980713	-1.946823	3.100331	2.057727
-1.275190	3.509019	1.980713	-1.318241	4.243729	1.758141
-5.480561	3.863307	-1.066386	-5.215603	4.113039	-1.837083
-5.480561	3.863307	-1.066386	-5.318465	4.294435	-0.363952
3.905215	1.774090	2.178662	4.139421	2.347230	2.751245
3.905215	1.774090	2.178662	3.316817	2.056788	1.829584
2.786806	-2.747237	-2.163678	2.194398	-3.024154	-1.687790
2.786806	-2.747237	-2.163678	3.493049	-3.033115	-2.150855
1.908145	-2.551536	-1.040651	2.194398	-3.024154	-1.687790
1.908145	-2.551536	-1.040651	1.280878	-2.082105	-1.060661
-0.936313	-0.857969	-3.202985	-1.095898	-1.217900	-3.881518
-0.936313	-0.857969	-3.202985	-0.370515	-1.293031	-2.796743
-2.614852	1.274142	4.899697	-2.245188	1.265194	4.147375
-2.525060	1.362141	-3.204406	-3.057386	1.820974	-2.830606
-2.525060	1.362141	-3.204406	-2.495657	1.448205	-4.015586
-1.316883	0.992642	-0.195910	-1.074385	0.555123	0.403972
-1.316883	0.992642	-0.195910	-1.800710	0.815248	-0.775705
3.414050	0.509169	-2.604126	4.062570	0.107565	-2.714947
3.414050	0.509169	-2.604126	3.300278	0.852450	-3.305909
3.414050	0.509169	-2.604126	3.063829	0.505004	-1.949996
0.672403	-2.410922	4.441344	0.143364	-3.023292	4.346850
0.672403	-2.410922	4.441344	0.623629	-1.841247	3.884798
-2.761116	-3.199829	2.626434	-2.735050	-2.415572	2.526201
0.175032	-1.687877	-3.888890	0.612555	-2.374031	-3.947920
0.175032	-1.687877	-3.888890	-0.385582	-1.260114	-4.309705
5.275192	3.734767	-3.425084	5.424548	3.814188	-4.232750
5.275192	3.734767	-3.425084	4.670842	4.177369	-3.141097
-5.432895	0.541459	5.231833	-5.024958	0.281723	5.911408
-5.432895	0.541459	5.231833	-5.920864	1.174248	5.409759
-4.086726	2.497139	2.549798	-4.768629	2.811923	2.380957
5.634602	1.234427	3.463671	5.873547	1.975731	3.333483
5.634602	1.234427	3.463671	4.932218	0.997425	3.737370
5.634602	1.234427	3.463671	6.195818	0.712575	3.284366
0.038762	-0.704707	2.229201	-0.297637	-1.193381	1.573427
0.038762	-0.704707	2.229201	-0.362617	-0.471164	2.899744
-0.181964	-1.133580	5.703553	0.507025	-1.183405	5.312676
-0.181964	-1.133580	5.703553	-0.857366	-1.393652	5.357941
1.298505	-2.203251	-3.997851	0.612555	-2.374031	-3.947920
1.298505	-2.203251	-3.997851	1.776802	-1.918055	-3.430855
-1.733526	-1.466736	-4.130717	-1.095898	-1.217900	-3.881518
-1.733526	-1.466736	-4.130717	-2.106044	-1.127714	-4.773852
-4.025108	3.477872	-2.039418	-3.386757	3.793905	-2.418441
-5.289639	3.775677	3.049206	-6.027055	3.963210	3.086425
-5.289639	3.775677	3.049206	-4.999405	3.695858	3.814787
3.391819	5.549997	-4.986034	3.704347	5.428920	-5.737129
3.391819	5.549997	-4.986034	2.905910	6.143556	-4.903045
4.720628	3.824280	4.913518	4.601097	4.210195	4.223508
5.140335	4.511420	3.619116	5.412945	3.963210	3.086425
5.140335	4.511420	3.619116	5.409303	5.298409	3.519320
5.140335	4.511420	3.619116	4.601097	4.210195	4.223508
-4.959244	3.414933	-2.929614	-4.640054	3.186745	-3.605348
-2.501307	0.696334	3.589717	-2.245188	1.265194	4.147375
-3.289286	-0.496980	-2.889371	-3.778080	-0.196351	-3.467253
-3.289286	-0.496980	-2.889371	-2.690379	-0.164721	-2.499906
-4.756137	3.826387	0.906451	-4.224858	3.385823	0.497652
-4.756137	3.826387	0.906451	-4.582806	4.013635	1.716273
-0.531950	-0.059433	-5.075531	-0.158090	0.394786	-4.622396
2.154168	-5.254841	-4.871071	2.905910	-5.296444	-4.903045
3.458140	1.734003	0.205090	3.115641	1.961053	-0.460839
3.458140	1.734003	0.205090	3.797891	2.403047	0.615927
4.738814	1.234945	-3.324494	5.374922	1.214076	-3.841947
4.738814	1.234945	-3.324494	4.932203	1.021113	-2.583836
4.738814	1.234945	-3.324494	3.898046	1.449255	-3.473784
-0.919555	1.416082	4.111314	-0.404398	1.327786	3.523949
-0.919555	1.416082	4.111314	-0.673356	1.057048	4.820129
1.201006	2.099107	-3.584708	0.776978	2.151705	-4.260286
1.201006	2.099107	-3.584708	1.240281	2.789183	-3.171685
0.699664	-0.751266	4.614098	0.507025	-1.183405	5.312676
2.199987	3.830464	-5.142500	2.594589	3.628576	-5.834578
-2.158835	-2.508177	-2.580187	-2.474818	-2.130181	-3.152372
-2.158835	-2.508177	-2.580187	-2.466199	-3.230528	-2.616226
-1.069392	-4.436363	-4.629271	-1.270221	-3.876067	-4.120086
-4.224858	3.385823	0.497652	-3.727224	3.593437	-0.072629
-4.412503	-4.878805	3.394975	-4.830934	-4.274197	3.034344
-4.412503	-4.878805	3.394975	-4.485894	-5.670330	3.258168
-4.412503	-4.878805	3.394975	-3.875157	-4.652120	3.961859
-3.047226	-3.311955	-2.077332	-2.466199	-3.230528	-2.616226
-4.316447	0.439237	-3.362534	-5.117136	0.201679	-3.430143
-4.316447	0.439237	-3.362534	-3.778080	-0.196351	-3.467253
-3.400124	-2.031854	-0.901371	-4.012863	-1.957741	-0.421630
0.612555	-2.374031	-3.947920	0.346153	-3.102842	-3.952910
-2.220089	-2.398061	-0.755730	-1.939318	-1.917865	-1.327858
-0.418729	-3.101354	-2.156192	-0.337878	-3.575893	-2.763415
-0.418729	-3.101354	-2.156192	-0.035834	-3.352288	-1.552256
-2.893404	5.031951	-4.703047	-2.186086	5.346868	-4.454270
0.830765	4.133242	-5.119272	0.186028	3.736121	-4.925874
0.830765	4.133242	-5.119272	0.847625	4.897379	-5.179071
0.988659	-0.884705	-3.120043	1.077700	-0.125033	-3.251231
-1.742422	5.267772	2.424301	-1.157010	4.789693	2.259410
3.410496	3.439699	1.514584	3.496392	2.643795	1.353369
3.072728	-3.458782	0.255581	2.296148	-3.154969	0.214243
3.072728	-3.458782	0.255581	3.157855	-4.085425	-0.284437
1.444967	-1.461759	2.937784	0.839347	-1.940097	3.177047
1.444967	-1.461759	2.937784	1.381008	-0.916412	2.353318
1.444967	-1.461759	2.937784	2.169332	-1.539945	3.284038
0.340771	1.073370	1.426902	-0.083253	1.617651	1.951628
0.340771	1.073370	1.426902	1.029663	0.790732	1.702798
2.786409	5.271571	-1.881275	2.728780	5.998627	-2.252542
2.786409	5.271571	-1.881275	3.455848	4.766511	-1.851615
-0.126489	4.109805	3.963353	-0.010043	4.905935	3.951380
-0.126489	4.109805	3.963353	0.128776	3.670063	3.364502
-0.126489	4.109805	3.963353	-0.491154	3.791235	4.548694
-2.310852	-2.016845	1.880838	-1.638602	-1.672497	2.134040
-2.310852	-2.016845	1.880838	-2.735050	-2.415572	2.526201
-1.579645	1.788436	2.300893	-1.954108	2.527049	2.602261
-1.579645	1.788436	2.300893	-2.002573	1.282468	1.877110
-5.117136	0.201679	-3.430143	-5.365953	-0.422151	-3.003247
-5.117136	0.201679	-3.430143	-5.698154	0.528450	-3.935880
-1.075002	5.099284	-4.998096	-1.447388	4.573812	-5.525259
-1.075002	5.099284	-4.998096	-1.478531	5.015450	-4.285179
-1.075002	5.099284	-4.998096	-0.417620	5.587416	-5.172417
5.199385	-0.320955	-2.171924	4.744742	-0.820108	-1.825658
-4.269386	1.024790	1.595835	-4.941323	1.035278	1.960754
-4.269386	1.024790	1.595835	-4.215242	0.751143	0.801049
-2.886598	-3.111805	4.929874	-3.376743	-3.609745	5.262684
-2.886598	-3.111805	4.929874	-2.927932	-2.317440	5.038097
-4.738461	-2.364192	1.474918	-4.208084	-2.445145	0.859801
-4.738461	-2.364192	1.474918	-4.414401	-2.622883	2.203734
2.777788	-2.938746	-4.560867	2.918462	-2.301276	-4.091881
2.777788	-2.938746	-4.560867	2.123564	-2.802938	-5.010449
2.777788	-2.938746	-4.560867	3.263587	-3.525359	-4.559952
-2.157055	4.623780	0.848329	-2.168185	5.372707	0.651677
-1.157010	4.789693	2.259410	-1.318241	4.243729	1.758141
5.187884	5.537638	1.514240	4.628258	5.689615	2.060887
5.187884	5.537638	1.514240	5.004973	4.925283	1.069235
5.187884	5.537638	1.514240	5.775533	6.052910	1.469809
2.978490	-0.588225	-0.345217	3.339620	-0.396011	-1.014593
-1.447388	4.573812	-5.525259	-2.007651	4.559538	-6.144989
5.637441	0.973947	-0.464938	4.923693	0.961882	-0.834278
5.637441	0.973947	-0.464938	5.727966	1.641280	-0.007479
5.637441	0.973947	-0.464938	6.249323	0.348524	-0.540408
-4.454654	-1.099740	-1.774514	-3.735639	-1.229672	-1.963338
-4.454654	-1.099740	-1.774514	-4.868002	-0.416481	-1.749864
3.776842	5.595897	-3.770124	4.524902	5.504586	-3.481806
4.695031	-1.386035	-3.995989	5.237277	-1.535613	-3.456522
4.695031	-1.386035	-3.995989	4.490244	-0.661257	-4.175771
4.950531	4.927445	5.629100	4.407084	5.520502	5.761296
-1.943875	5.498865	3.711290	-1.426591	5.129868	4.153547
5.232150	-5.708428	-1.278122	5.602833	-5.964763	-0.605012
2.567539	-2.884457	3.631811	2.400090	-3.635135	3.800176
2.922836	-0.283647	-1.701783	3.063829	0.505004	-1.949996
2.922836	-0.283647	-1.701783	3.339620	-0.396011	-1.014593
-4.388058	5.543656	-3.759924	-4.706954	5.683840	-3.076338
-3.037625	0.743149	-0.698388	-2.407416	0.373290	-0.533767
-3.037625	0.743149	-0.698388	-3.346461	0.421544	-1.311334
-3.037625	0.743149	-0.698388	-3.297704	1.385281	-0.237541
3.628506	-1.066427	-2.636825	3.855722	-0.502976	-3.120698
0.839347	-1.940097	3.177047	0.623629	-1.841247	3.884798
3.496392	2.643795	1.353369	3.797891	2.403047	0.615927
3.496392	2.643795	1.353369	3.316817	2.056788	1.829584
-2.083679	5.493353	-0.134255	-2.168185	5.372707	0.651677
5.575621	0.069707	-4.512224	5.741846	0.528450	-3.935880
-3.604457	-0.098905	3.233112	-3.852521	-0.735089	2.722472
-3.604457	-0.098905	3.233112	-3.744445	0.158151	3.960115
5.237277	-1.535613	-3.456522	5.931331	-1.056425	-3.500737
4.139421	2.347230	2.751245	4.877849	2.719289	2.699044
1.896905	-0.324080	4.856769	2.357247	-0.906310	4.455907
-2.906892	-5.145963	5.203775	-3.340765	-5.625424	5.660016
-4.727922	2.366419	-3.690256	-5.485943	2.212443	-3.629885
-4.727922	2.366419	-3.690256	-4.640054	3.186745	-3.605348
-4.727922	2.366419	-3.690256	-4.233106	1.753376	-3.798262
3.965922	-4.108254	-3.016685	3.611767	-3.784632	-2.344716
3.965922	-4.108254	-3.016685	3.520233	-4.522018	-3.580840
3.965922	-4.108254	-3.016685	4.764384	-4.099161	-3.256389
-0.647346	-3.233469	1.403477	-1.135494	-3.935217	1.409306
-0.647346	-3.233469	1.403477	-0.140438	-3.207259	0.815700
-0.647346	-3.233469	1.403477	-0.635413	-2.592432	1.915215
3.322905	-4.220436	-1.762011	3.632559	-4.114975	-0.978462
3.322905	-4.220436	-1.762011	3.611767	-3.784632	-2.344716
0.704949	-5.040711	2.715229	0.106464	-4.538079	2.895261
0.704949	-5.040711	2.715229	1.275491	-4.628809	2.261625
2.957483	5.458509	3.039578	2.272541	4.968130	3.095636
-2.407416	0.373290	-0.533767	-1.800710	0.815248	-0.775705
-4.169295	-3.962361	-2.459334	-4.340330	-4.358045	-3.122540
1.957462	-2.556268	5.133206	2.571079	-2.268400	4.706726
1.957462	-2.556268	5.133206	2.022599	-3.098558	5.680449
-4.180895	-1.270913	-4.072039	-4.935663	-1.113761	-4.048118
0.186028	3.736121	-4.925874	-0.403738	3.720156	-5.505373
0.186028	3.736121	-4.925874	-0.015298	3.302150	-4.269644
0.106464	-4.538079	2.895261	0.477640	-3.970430	3.357465
1.275491	-4.628809	2.261625	1.519112	-4.678357	1.446420
1.275491	-4.628809	2.261625	1.581829	-4.103309	2.772175
1.993854	3.821733	2.147949	2.149846	3.550277	1.410177
1.993854	3.821733	2.147949	1.966841	3.206077	2.644656
0.616113	0.531397	-4.800624	-0.158090	0.394786	-4.622396
3.145549	-1.120188	-4.654265	2.708421	-1.110413	-5.251671
3.145549	-1.120188	-4.654265	3.462647	-1.817306	-4.365899
4.628258	5.689615	2.060887	4.371541	5.515610	2.706755
4.538434	0.455983	3.268572	4.136652	0.574828	2.630035
4.538434	0.455983	3.268572	4.576931	-0.269102	3.548483
4.538434	0.455983	3.268572	4.932218	0.997425	3.737370
-2.050198	2.629184	-2.465215	-1.385281	2.758318	-2.956618
-5.566453	1.975731	3.333483	-4.994351	2.367540	3.740381
1.968781	0.797283	-3.697258	1.411708	0.225990	-3.872745
1.968781	0.797283	-3.697258	2.710018	0.665420	-3.836121
0.068482	4.708038	-2.203780	-0.319617	5.190844	-2.591330
0.068482	4.708038	-2.203780	-0.099932	4.616040	-1.429282
0.068482	4.708038	-2.203780	0.608589	4.294714	-2.577234
4.062570	0.107565	-2.714947	3.855722	-0.502976	-3.120698
-4.080184	-0.664635	1.165183	-3.649341	-1.248963	0.776571
-4.080184	-0.664635	1.165183	-4.433314	-0.044903	0.694922
-4.080184	-0.664635	1.165183	-4.235783	-0.602163	2.019839
-3.845172	-3.192778	0.740622	-4.208084	-2.445145	0.859801
-3.845172	-3.192778	0.740622	-3.104961	-3.155186	0.943398
0.554775	-1.442279	0.406843	-0.066738	-1.046442	0.780939
3.726211	4.365374	-4.560343	4.348570	4.056740	-5.060873
0.956792	3.776923	-0.074288	0.898195	3.624468	-0.889366
-3.852521	-0.735089	2.722472	-4.235783	-0.602163	2.019839
-5.508669	-1.056425	-3.500737	-5.365953	-0.422151	-3.003247
-5.508669	-1.056425	-3.500737	-4.935663	-1.113761	-4.048118
5.409303	5.298409	3.519320	4.772374	5.750569	3.372579
3.260014	-0.464463	2.054157	3.715727	-1.132195	1.805543
3.260014	-0.464463	2.054157	2.521506	-0.338173	1.697500
3.260014	-0.464463	2.054157	3.472595	0.106045	2.628190
-2.562248	-4.244338	1.201797	-2.955820	-3.689397	1.517403
-2.562248	-4.244338	1.201797	-1.815115	-4.035748	0.861707
-0.261277	-5.603000	-0.915862	-0.028391	-5.089687	-1.480943
-0.261277	-5.603000	-0.915862	-0.788849	-5.375256	-0.361765
1.929628	3.476237	3.846894	2.150575	4.106169	4.223267
1.595801	0.807437	-0.608254	1.441592	1.503951	-0.258443
1.595801	0.807437	-0.608254	1.412760	1.001697	-1.337063
-5.636662	-4.807656	-2.752913	-5.689987	-4.662597	-1.952389
3.704347	5.428920	5.702871	4.407084	5.520502	5.761296
2.918462	-2.301276	-4.091881	3.462647	-1.817306	-4.365899
-0.857208	4.192985	0.522904	-0.907750	3.533178	0.057681
3.120581	0.735148	-5.174465	2.523042	0.777699	-5.707700
4.144956	-0.305789	-0.891085	3.339620	-0.396011	-1.014593
1.970284	5.129378	0.550945	1.557604	5.019519	-0.082854
-1.135494	-3.935217	1.409306	-1.815115	-4.035748	0.861707
-1.135494	-3.935217	1.409306	-0.951760	-4.546321	1.941101
-4.830934	-4.274197	3.034344	-5.440625	-3.984683	3.403727
-4.830934	-4.274197	3.034344	-4.558634	-4.020945	2.309311
-0.405153	-0.494648	0.284306	-0.066738	-1.046442	0.780939
-0.319617	5.190844	-2.591330	-0.000017	5.859438	-2.779414
4.407084	5.520502	-5.678704	4.515818	6.223114	-5.378230
-2.955820	-3.689397	1.517403	-3.104961	-3.155186	0.943398
-3.334558	4.265383	0.165445	-3.727224	3.593437	-0.072629
1.519112	-4.678357	1.446420	1.330916	-4.202477	0.717468
-0.297637	-1.193381	1.573427	-0.066738	-1.046442	0.780939
-1.270221	-3.876067	-4.120086	-1.430855	-3.912930	-3.372256
-0.660810	-2.882103	4.429011	0.143364	-3.023292	4.346850
-0.660810	-2.882103	4.429011	-1.083919	-3.074836	5.045053
-1.506459	-3.201472	-0.136819	-1.843243	-3.901044	0.019008
-2.024266	-1.713060	-5.374553	-2.106044	-1.127714	-4.773852
-3.419309	4.267488	2.135426	-2.999620	3.947495	1.572302
-2.461209	-5.020602	-3.643871	-2.562664	-5.484491	-3.011107
-1.426591	5.129868	4.153547	-0.601092	5.276890	4.274364
-4.734432	-4.395690	1.667267	-4.821016	-4.053398	0.899000
-4.734432	-4.395690	1.667267	-4.558634	-4.020945	2.309311
-0.219969	3.660203	-3.597817	-0.015298	3.302150	-4.269644
-5.113750	2.238138	-1.653674	-5.395591	2.486844	-0.956767
-5.113750	2.238138	-1.653674	-5.681790	2.089230	-2.241541
-0.006263	-2.293151	-1.032155	-0.242473	-1.641149	-1.435382
0.818747	-4.463455	0.121347	1.330916	-4.202477	0.717468
4.739433	-2.256402	-4.908650	5.213469	-1.726099	-5.350807
-1.912409	1.065449	-4.374007	-1.087298	1.283684	-4.345255
-1.912409	1.065449	-4.374007	-2.495657	1.448205	-4.015586
-4.208084	-2.445145	0.859801	-3.956558	-1.860796	0.368860
-3.376743	-3.609745	5.262684	-4.073348	-3.800321	5.026607
-3.376743	-3.609745	5.262684	-3.029720	-3.961009	5.919133
3.810832	4.256676	4.142723	3.266404	4.549437	4.708632
3.810832	4.256676	4.142723	4.601097	4.210195	4.223508
4.086787	-2.567669	-1.929505	4.472318	-2.023645	-2.372754
4.086787	-2.567669	-1.929505	3.493049	-3.033115	-2.150855
3.632559	-4.114975	-0.978462	3.157855	-4.085425	-0.284437
-1.556745	1.884590	-1.438937	-0.902623	1.930750	-1.012186
-1.898171	1.253196	1.104819	-2.002573	1.282468	1.877110
-3.092812	3.278360	-3.003889	-3.386757	3.793905	-2.418441
1.648951	2.267144	-5.342377	2.340522	2.231432	-5.674486
-1.489263	3.335250	-4.999730	-1.438597	2.747841	-5.542627
4.952456	-1.424138	-0.671400	5.650628	-1.440202	-0.285752
-3.057386	1.820974	-2.830606	-3.736542	1.495858	-2.586937
-2.803763	-1.740895	3.747175	-3.115270	-1.909581	3.047644
2.123564	-2.802938	-5.010449	2.022599	-3.098558	-5.759551
4.769414	-4.359956	3.649968	4.353948	-5.058153	3.632814
5.414379	-2.837254	-2.936736	5.979921	-2.889882	-2.308195
2.960685	-5.291312	0.355885	2.825947	-5.164563	1.147015
2.960685	-5.291312	0.355885	3.279514	-5.998424	0.270708
0.847625	4.897379	-5.179071	0.788620	5.296636	-5.867104
3.295907	-2.458379	2.045329	2.611888	-2.339907	2.331681
3.295907	-2.458379	2.045329	3.531251	-3.121401	1.619226
3.300278	0.852450	-3.305909	2.710018	0.665420	-3.836121
3.300278	0.852450	-3.305909	3.898046	1.449255	-3.473784
-0.831368	2.715071	0.277559	-0.907750	3.533178	0.057681
1.987824	-5.521928	5.230080	2.763366	-5.569895	4.960065
-4.215242	0.751143	0.801049	-4.433314	-0.044903	0.694922
4.278417	2.515593	4.999072	3.701874	2.471568	5.636055
1.371773	-2.748199	1.817927	1.218504	-3.003271	1.097253
1.371773	-2.748199	1.817927	0.958284	-2.975753	2.495614
-4.099260	-3.385049	2.225196	-4.414401	-2.622883	2.203734
-4.099260	-3.385049	2.225196	-4.558634	-4.020945	2.309311
-0.347519	-4.877491	4.778208	0.233511	-4.282129	4.845201
-0.347519	-4.877491	4.778208	-1.077385	-4.679860	4.659999
-0.943154	-2.994456	3.172330	-1.463578	-3.638487	3.198334
-2.901722	2.759713	-0.683369	-2.242942	3.020354	-1.118912
1.371419	-1.392276	-1.466025	1.755898	-1.230330	-2.146848
1.371419	-1.392276	-1.466025	1.280878	-2.082105	-1.060661
-1.478531	5.015450	-4.285179	-2.186086	5.346868	-4.454270
1.188611	-4.818156	-3.199058	1.909125	-5.165520	-3.405100
-4.423557	-2.106461	2.825052	-4.414401	-2.622883	2.203734
4.136652	0.574828	2.630035	3.472595	0.106045	2.628190
5.170334	1.540864	-2.128660	4.932203	1.021113	-2.583836
5.170334	1.540864	-2.128660	5.758210	2.089230	-2.241541
-4.038642	-4.250837	-3.902260	-4.340330	-4.358045	-3.122540
5.374922	1.214076	-3.841947	5.741846	0.528450	-3.935880
-4.468793	-5.056275	5.212539	-5.146825	-5.299341	5.108894
-4.190891	1.880682	5.634104	-4.088794	1.333541	6.226952
-4.190891	1.880682	5.634104	-3.786399	1.763043	4.945714
-1.692285	3.084103	4.529118	-1.871477	2.572160	3.984750
-0.028391	-5.089687	-1.480943	0.497528	-4.559581	-1.246545
-0.010043	4.905935	3.951380	-0.601092	5.276890	4.274364
3.370143	1.726378	-1.183294	3.115641	1.961053	-0.460839
3.370143	1.726378	-1.183294	4.126530	2.037880	-1.380676
-0.083253	1.617651	1.951628	0.255393	2.310894	2.069258
3.115641	1.961053	-0.460839	2.515428	2.447686	-0.325667
4.371541	5.515610	2.706755	4.772374	5.750569	3.372579
4.353948	-5.058153	3.632814	4.772374	-5.689431	3.372579
-1.954108	2.527049	2.602261	-1.946823	3.100331	2.057727
-0.788849	-5.375256	-0.361765	-0.433961	-5.099330	0.340411
-2.853124	4.562055	5.407555	-2.007651	4.559538	5.295011
-3.115270	-1.909581	3.047644	-2.735050	-2.415572	2.526201
1.557604	5.019519	-0.082854	1.725658	5.436656	-0.808659
4.738305	-4.558223	1.638234	4.520580	-3.986412	2.031360
1.411708	0.225990	-3.872745	1.077700	-0.125033	-3.251231
-0.703189	0.925657	2.908826	-0.404398	1.327786	3.523949
-1.095898	-1.217900	-3.881518	-0.385582	-1.260114	-4.309705
-1.815115	-4.035748	0.861707	-1.843243	-3.901044	0.019008
-2.168185	5.372707	0.651677	-2.249020	5.880326	1.242472
3.535232	3.332735	-1.812617	4.116562	2.844902	-1.413640
-3.956558	-1.860796	0.368860	-3.649341	-1.248963	0.776571
-3.956558	-1.860796	0.368860	-4.012863	-1.957741	-0.421630
-3.649341	-1.248963	0.776571	-2.842638	-1.231702	0.812974
-3.030119	-3.724767	-4.724008	-3.029720	-3.961009	-5.520867
-3.071052	1.914724	-4.419089	-2.495657	1.448205	-4.015586
4.116562	2.844902	-1.413640	4.126530	2.037880	-1.380676
5.502071	-3.200935	-1.041908	5.769230	-2.834301	-0.333272
1.092010	1.258930	4.793595	1.050427	0.646127	4.293469
3.611767	-3.784632	-2.344716	3.493049	-3.033115	-2.150855
-4.706954	5.683840	-3.076338	-4.883189	6.461903	-2.991138
-0.190265	5.221807	1.193406	-0.536907	5.941667	1.029761
3.898533	-3.978090	-5.632840	3.756529	-3.912984	-6.354807
-4.646719	-3.192839	-5.501839	-4.605910	-3.339368	-6.328520
0.777375	1.219866	-5.232245	0.592730	1.296571	-6.022291
-0.857366	-1.393652	5.357941	-1.269702	-1.943354	5.733491
-1.003120	0.356767	5.076387	-1.131972	0.237454	5.821385
5.215427	-3.457576	-4.427215	5.732772	-3.903956	-4.926039
5.560781	-4.516697	-5.404055	5.732772	-3.903956	-4.926039
1.794148	5.431152	1.275174	2.032432	6.162292	1.299187
-0.321586	-5.629564	4.828964	0.002237	-5.871264	5.526536
-0.417620	5.587416	-5.172417	0.002237	5.568736	-5.913464
-1.802377	5.127387	-2.371946	-2.009153	5.924989	-2.417349
5.560781	-4.516697	-5.404055	5.756449	-4.634135	-6.222249
5.478579	-4.143773	4.611892	5.756449	-4.634135	5.217751
1.987824	-5.521928	5.230080	1.843425	-4.980525	5.859807
1.465231	-4.333821	5.607645	1.843425	-4.980525	5.859807
5.646568	1.918716	-5.643930	6.077494	2.488460	-6.040921
5.162892	-5.712054	-0.094534	4.719937	-6.173843	0.360340
5.232150	-5.708428	-1.278122	4.836755	-6.252494	-1.659237
2.340522	2.231432	-5.674486	2.960872	2.831394	-5.765821
-5.282536	5.354558	4.961128	-5.730565	5.051377	5.582925
-5.498679	4.830590	-5.093847	-5.730565	5.051377	-5.857075
5.645513	-1.837801	3.214552	6.407525	-2.131313	3.376750
-0.261277	-5.603000	-0.915862	-0.029674	-6.313620	-0.836002
-5.473435	1.621822	1.814200	-6.033369	1.528317	1.310834
-4.378787	3.249087	-5.436931	-4.672679	2.571525	-5.757447
5.575621	0.069707	-4.512224	6.087967	-0.172246	-4.975307
-5.664467	-5.387090	1.469809	-6.132018	-4.773764	1.158476
-1.742422	5.267772	2.424301	-1.721862	5.771582	1.782130
5.445870	3.602597	0.755283	6.132067	3.928508	0.423620
4.539933	-0.050384	-5.375606	4.374709	-0.721563	-5.789900
-5.334652	2.261164	2.269373	-5.876750	2.336294	2.770764
-5.566453	1.975731	3.333483	-5.876750	2.336294	2.770764
-2.562664	-5.484491	-3.011107	-3.235959	-5.947517	-3.030536
-4.468793	-5.056275	5.212539	-4.045723	-5.280612	5.830382
-3.340765	-5.625424	5.660016	-4.045723	-5.280612	5.830382
-2.853124	4.562055	5.407555	-3.047888	5.136615	5.898632
-3.340765	-5.625424	5.660016	-3.047888	-6.303385	5.898632
-0.181964	-1.133580	5.703553	-0.353997	-0.852597	6.401788
-1.438597	2.747841	-5.542627	-1.974870	2.783454	-6.186400
-3.736759	-0.152001	-5.491417	-3.654312	-0.554772	-6.252609
5.602833	5.475237	-0.605012	5.162892	5.727946	-0.094534
-5.712034	1.641280	-0.007479	-6.018508	2.005514	0.645178
5.213469	-1.726099	-5.350807	4.909527	-1.305310	-5.898583
0.191327	-4.004206	-5.146083	0.655418	-4.200843	-5.825730
5.502071	-3.200935	-1.041908	5.902805	-3.420725	-1.663787
-4.801553	-1.889169	-5.597372	-4.561166	-1.649237	-6.374277
-4.063423	5.286045	2.050766	-4.164765	5.875140	1.565377
5.199385	-0.320955	-2.171924	5.973550	-0.385708	-2.266316
3.701874	2.471568	5.636055	3.867272	1.978636	6.265759
-2.695457	2.519675	5.381320	-3.095044	2.882062	5.902058
-3.677865	3.441170	5.643705	-3.095044	2.882062	5.902058
-1.911763	0.423859	-5.537288	-2.372528	0.609377	-6.230170
-5.511714	-3.919754	0.574461	-5.814629	-3.228567	0.343835
-5.670770	-2.834301	-0.333272	-5.814629	-3.228567	0.343835
-5.508239	-0.884881	2.247845	-5.821142	-1.062749	2.957030
2.708421	-1.110413	-5.251671	3.020162	-1.202303	-5.963976
-3.677865	3.441170	5.643705	-4.378787	3.249087	6.003069
-1.886772	-4.591248	-5.640495	-1.517022	-4.381514	-6.287291
1.987824	-5.521928	5.230080	1.366533	-5.956712	4.972739
5.478579	-4.143773	4.611892	6.004905	-3.692044	4.158497
4.524902	5.504586	-3.481806	5.054742	6.033860	-3.729496
3.776842	5.595897	-3.770124	3.264673	6.172416	-3.429463
1.333999	2.941527	-5.591836	0.896365	2.798529	-6.197838
-0.403738	3.720156	-5.505373	-0.247962	3.449434	-6.270393
5.602833	5.475237	-0.605012	6.236370	5.079513	-0.528698
-5.485943	2.212443	-3.629885	-5.884000	1.859265	-4.158532
-5.675795	-1.257511	4.525247	-6.366557	-1.378929	4.794660
-1.886772	-4.591248	-5.640495	-2.628059	-4.550020	-5.786111
-3.029720	-3.961009	-5.520867	-2.628059	-4.550020	-5.786111
5.409303	5.298409	3.519320	6.243654	5.399399	3.598389
-4.485894	-5.670330	3.258168	-5.196346	-6.040601	3.598389
1.594678	5.250665	-4.172756	1.907783	5.938027	-4.167837
-5.390774	5.470146	-4.664204	-4.730429	5.747729	-4.412065
-4.388058	5.543656	-3.759924	-4.730429	5.747729	-4.412065
-5.442036	4.787960	-2.196557	-6.241821	4.973939	-2.301850
5.319100	-2.589589	1.545188	5.936309	-2.080217	1.526018
-3.786097	-5.218467	0.274049	-3.891723	-5.895887	-0.185161
-0.601092	5.276890	4.274364	-0.321586	5.810436	4.828964
-1.083919	-3.074836	5.045053	-0.995840	-2.719342	5.801520
4.628258	5.689615	2.060887	4.195313	6.277548	1.786756
1.511656	-1.672072	-5.259461	1.080925	-1.690839	-5.893853
-2.927932	-2.317440	5.038097	-2.663989	-2.133360	5.797387
-4.214100	5.463794	-1.990446	-4.280436	5.869206	-1.304743
-4.507593	5.459241	-0.631376	-4.280436	5.869206	-1.304743
0.704949	-5.040711	2.715229	0.697906	-5.740208	2.941377
-5.691482	-0.566554	4.214842	-6.167552	-0.628269	3.516142
2.763366	-5.569895	4.960065	3.247731	-6.182818	5.112141
5.213469	-1.726099	-5.350807	6.032542	-1.535455	-5.255916
-5.440625	-3.984683	3.403727	-6.214516	-3.934708	3.129979
5.424548	3.814188	-4.232750	6.042661	4.112562	-4.733392
-5.707606	2.861641	4.791649	-6.499269	3.058871	4.900315
1.725658	5.436656	-0.808659	1.546518	6.192397	-0.738736
-1.943875	5.498865	3.711290	-2.055425	6.107584	4.004882
5.519136	1.174248	5.409759	5.646568	1.918716	5.796070
4.383588	0.703223	-5.669675	4.784915	1.030023	-6.259805
-2.186086	5.346868	-4.454270	-2.102581	6.115972	-4.365168
-5.636662	-4.807656	-2.752913	-6.231249	-4.781214	-3.246291
-4.485894	-5.670330	3.258168	-3.879390	-6.008034	2.845884
5.426700	-5.496869	-4.461987	6.049226	-5.969854	-4.664204
-5.480561	3.863307	-1.066386	-5.912572	3.170602	-0.987065
-5.395591	2.486844	-0.956767	-5.912572	3.170602	-0.987065
-2.083679	5.493353	-0.134255	-1.586849	6.023938	-0.507769
1.703450	-0.254296	-5.166978	2.069271	0.098072	-5.858516
2.523042	0.777699	-5.707700	2.069271	0.098072	-5.858516
4.348570	4.056740	-5.060873	4.625330	4.191918	-5.805558
2.340522	2.231432	-5.674486	2.413096	1.509224	-6.058454
2.523042	0.777699	-5.707700	2.413096	1.509224	-6.058454
5.412191	-0.858504	0.947418	5.829601	-0.822450	0.260376
5.650628	-1.440202	-0.285752	5.829601	-0.822450	0.260376
5.650628	-1.440202	-0.285752	6.092126	-2.100098	-0.485128
-5.689987	-4.662597	-1.952389	-6.107311	-4.962795	-1.396211
5.275192	3.734767	-3.425084	5.770194	3.223351	-3.100046
5.484497	-4.530249	0.486369	5.928286	-3.919754	0.574461
-5.689086	-1.242766	1.573718	-6.027809	-0.858504	0.947418
-0.417620	5.587416	-5.172417	-0.072721	6.135415	-4.671500
-5.146825	-5.299341	5.108894	-5.282536	-6.085442	4.961128
-0.285371	2.174072	5.548443	-0.818553	2.278976	6.111643
0.418366	-5.567570	-4.132845	0.927535	-6.097017	-4.483052
2.957483	5.458509	3.039578	3.079241	6.224753	3.212235
-5.024958	0.281723	-5.528592	-5.432895	0.541459	-6.208167
5.519136	1.174248	5.409759	6.007105	0.541459	5.231833
-5.566453	1.975731	3.333483	-5.805398	1.234427	3.463671
-5.244182	0.712575	3.284366	-5.805398	1.234427	3.463671
5.412945	3.963210	3.086425	6.150361	3.775677	3.049206
3.704347	5.428920	5.702871	3.391819	5.549997	6.453966
2.905910	-5.296444	-4.903045	3.391819	-5.890003	-4.986034
2.594589	3.628576	5.605422	2.199987	3.830464	6.297500
2.728780	-5.441373	-2.252542	2.786409	-6.168429	-1.881275
-5.664467	-5.387090	1.469809	-6.252116	-5.902362	1.514240
-2.007651	4.559538	5.295011	-1.447388	4.573812	5.914741
-5.712034	1.641280	-0.007479	-5.802559	0.973947	-0.464938
-5.190677	0.348524	-0.540408	-5.802559	0.973947	-0.464938
4.407084	5.520502	-5.678704	4.950531	4.927445	-5.810900
5.602833	5.475237	-0.605012	5.232150	5.731572	-1.278122
-5.698154	0.528450	-3.935880	-5.864379	0.069707	-4.512224
-5.508669	-1.056425	-3.500737	-6.202723	-1.535613	-3.456522
4.772374	-5.689431	3.372579	5.409303	-6.141591	3.519320
4.407084	5.520502	-5.678704	3.704347	5.428920	-5.737129
-0.000017	-5.580562	-2.779414	-0.319617	-6.249156	-2.591330
4.515818	-5.216886	-5.378230	4.407084	-5.919498	-5.678704
-3.029720	-3.961009	-5.520867	-3.376743	-3.609745	-6.177316
2.022599	-3.098558	5.680449	2.123564	-2.802938	6.429551
-5.460079	-2.889882	-2.308195	-6.025621	-2.837254	-2.936736
3.279514	5.441576	0.270708	2.960685	6.148688	0.355885
0.788620	5.296636	5.572896	0.847625	4.897379	6.260929
-5.681790	2.089230	-2.241541	-6.269666	1.540864	-2.128660
-5.698154	0.528450	-3.935880	-6.065078	1.214076	-3.841947
-4.088794	1.333541	-5.213048	-4.190891	1.880682	-5.805896
4.772374	-5.689431	3.372579	4.371541	-5.924390	2.706755
-2.249020	-5.559674	1.242472	-2.168185	-6.067293	0.651677
-5.670770	-2.834301	-0.333272	-5.937929	-3.200935	-1.041908
