0.173947	-0.196453	3.820165	0.716325	-0.606753	3.382958
3.887885	-0.925880	-5.691541	4.554295	-1.015817	-5.373456
3.231861	4.923033	-5.583793	3.162268	5.642335	-5.753080
1.693401	-4.427823	3.922064	2.225321	-4.019895	3.525549
-0.282339	-3.785393	4.713271	-0.851096	-3.801236	5.237744
0.301606	-4.865469	-4.876555	-0.454901	-4.898865	-4.730941
3.373605	2.074296	-3.594021	3.800147	2.485364	-3.223144
3.373605	2.074296	-3.594021	3.455020	1.390221	-3.362080
3.373605	2.074296	-3.594021	2.827566	2.315072	-4.152307
1.332448	-1.866474	3.863718	1.430984	-2.419877	3.324118
-1.677395	-3.195413	1.968054	-1.710605	-2.767297	2.625136
-0.891049	-4.435742	-5.110941	-1.143785	-3.789040	-4.619791
0.984157	2.890771	0.603046	0.363609	3.275346	0.976947
0.984157	2.890771	0.603046	1.611680	2.635843	0.982937
3.076366	3.120994	1.310231	2.770854	3.317083	0.661456
-3.334035	0.280359	-5.423110	-2.954528	0.436710	-4.745762
-1.744724	-1.553882	4.827544	-1.039345	-1.231333	5.025894
-1.916987	0.777926	-5.700379	-2.043599	1.417493	-5.287522
3.211256	3.572701	2.534844	3.114868	3.383421	3.282622
3.688414	2.907394	3.451808	4.379631	3.348316	3.445764
4.833269	3.139398	2.843651	4.379631	3.348316	3.445764
-4.394560	-5.231185	-4.693857	-3.976461	-4.525996	-4.467841
0.931755	4.941403	-4.044443	0.952956	5.071479	-4.861839
-2.508174	-4.719749	2.059015	-2.618352	-5.488638	2.060810
0.502585	-4.498687	0.778919	0.754470	-4.808479	1.395990
2.691973	-0.132123	1.819093	3.356762	-0.019813	1.380697
3.858397	-3.380360	-1.948820	4.673047	-3.276650	-2.048466
5.476411	-5.401462	2.722577	4.979734	-5.175381	2.242086
-2.410569	-3.392838	-0.409141	-2.965598	-3.708451	0.103335
-5.262032	-2.830789	1.432376	-6.015630	-2.697574	1.095289
2.280077	-4.731772	-0.468962	1.708292	-4.201956	-0.645154
3.429892	3.959146	-0.336616	3.273085	4.264457	-1.033524
1.744652	4.891969	-0.599949	1.567893	5.628212	-0.925980
-1.915948	-0.780958	-4.458329	-1.446022	-0.225028	-4.796441
-1.915948	-0.780958	-4.458329	-2.428650	-0.577961	-3.905472
-5.154650	0.088141	-3.818083	-5.311645	0.765320	-4.172401
5.277138	-0.850404	-1.777544	4.516610	-0.686085	-1.762818
-4.176797	-0.116032	-2.933468	-4.413416	-0.187196	-3.643004
-4.176797	-0.116032	-2.933468	-3.545385	0.255023	-2.702052
1.816068	-0.427962	4.181071	2.585245	-0.106131	4.021153
1.816068	-0.427962	4.181071	1.489058	0.014187	4.817236
4.807415	-2.983250	1.451600	4.011198	-2.711326	1.359862
2.585245	-0.106131	4.021153	3.326340	-0.321364	4.243538
4.036481	-0.960460	-2.366522	3.569103	-0.397626	-2.783310
0.599777	-0.952126	1.938016	1.143409	-1.427446	1.611562
3.417009	-2.734047	-1.718608	3.444927	-2.130705	-2.228166
1.829149	-4.898102	-3.796343	2.546343	-5.261790	-4.041829
-0.891049	-4.435742	-5.110941	-1.131792	-4.425937	-5.846718
1.829149	-4.898102	-3.796343	1.709744	-4.174357	-3.562671
5.479015	2.010706	1.885397	5.966744	1.598129	1.494118
-4.142748	-0.033488	1.131121	-3.836068	0.559936	1.602517
5.479015	2.010706	1.885397	5.681711	2.716903	2.038630
2.906831	5.474143	-1.800902	2.648895	6.176352	-1.576658
1.282451	4.968976	0.698605	0.603331	4.587019	0.489686
-0.875196	-4.328383	-2.614006	-1.150859	-4.066621	-1.886632
1.123877	-4.986188	-3.746806	0.689091	-4.530734	-4.331275
1.218128	5.706311	-5.270132	0.952956	5.071479	-4.861839
-0.746889	-0.228771	0.268449	-1.540987	-0.297389	0.580998
1.151805	0.418153	0.784407	0.430138	0.674484	0.432038
1.151805	0.418153	0.784407	1.811859	0.085950	0.398834
3.748762	1.808514	0.319791	3.907620	1.976104	1.095406
4.764936	1.240150	-0.519020	4.847938	1.011902	-1.242166
3.748762	1.808514	0.319791	3.006100	1.668050	-0.000019
-0.192654	-2.231683	5.620590	-0.743167	-2.701069	5.790949
-0.826256	-0.546307	4.733243	-1.039345	-1.231333	5.025894
-0.192654	-2.231683	5.620590	-0.552099	-1.605238	5.597749
-0.769175	-3.493027	-1.517863	-0.438733	-3.639795	-0.797266
-0.017290	-4.464114	-2.636088	0.497349	-3.820842	-2.762412
0.261192	-0.900772	-2.377404	0.372725	-1.419304	-1.854185
5.178207	-4.039995	-3.937301	5.659669	-4.464667	-3.532889
2.546343	-5.261790	-4.041829	2.728427	-4.936967	-4.743918
1.709744	-4.174357	-3.562671	1.337565	-3.847757	-2.893046
-2.762519	-0.942374	5.050828	-2.817242	-0.250073	4.783266
-2.032224	-2.054409	2.488770	-1.670984	-1.356169	2.210130
-4.783984	-3.621029	3.255901	-4.866468	-4.429541	3.179296
-0.067315	4.324466	1.693013	0.302882	4.035060	1.026755
-0.067315	4.324466	1.693013	0.382937	4.615155	2.260570
-1.927543	2.713927	2.000426	-1.387140	3.147179	2.223321
-1.097675	0.977950	-3.545655	-0.732710	0.310307	-3.694314
-1.368744	3.095165	-3.929134	-0.704185	2.946856	-4.406406
-1.368744	3.095165	-3.929134	-1.651533	2.471362	-3.560770
5.641922	5.339515	0.478691	6.093660	4.868010	0.941672
-5.145756	-3.812200	0.788303	-4.769966	-3.231268	0.929340
-3.578206	5.279853	1.480293	-3.761001	4.702315	1.990373
0.883568	-4.144025	-0.437201	1.708292	-4.201956	-0.645154
0.883568	-4.144025	-0.437201	0.782550	-3.880062	0.342900
0.883568	-4.144025	-0.437201	0.074237	-4.237553	-0.661739
-4.011511	3.316539	-1.715415	-4.114458	3.032531	-2.458603
-3.311449	3.705477	1.107274	-3.718464	4.031807	1.708797
-4.011511	3.316539	-1.715415	-3.709983	2.925279	-0.992433
-2.126841	-2.077935	-0.016888	-2.251905	-1.766672	-0.764987
0.462171	-1.295565	-1.032301	0.372725	-1.419304	-1.854185
-0.962655	-5.380551	-1.011015	-0.818693	-6.167328	-1.282359
-1.599104	-4.901169	5.172108	-1.131792	-4.425937	5.593282
-1.393840	-4.447499	-3.276936	-1.994211	-3.933328	-3.594585
0.639068	4.510738	-5.306312	-0.094173	4.227532	-5.102718
-4.807537	4.567538	2.852515	-5.456120	4.772734	2.368545
-4.847982	-3.311338	5.450215	-4.584314	-3.889511	5.010222
-5.679103	4.815188	4.336351	-5.007303	4.436215	4.221939
-4.762098	-3.224619	3.927550	-4.216042	-3.544642	4.438463
-3.490170	-4.947565	4.331222	-4.029004	-5.172805	4.978204
-2.871734	-4.510163	4.616005	-3.490170	-4.947565	4.331222
5.351053	1.149978	-5.361724	4.970130	0.935037	-4.652436
1.388933	-0.183605	-2.865652	1.141405	0.408876	-3.308912
0.052887	-0.899137	-4.752432	0.696762	-1.021639	-4.307429
-4.586247	4.871730	0.732153	-4.198428	4.331573	0.256369
-4.766575	4.199923	-1.030187	-5.325324	4.556665	-1.446462
-4.431807	3.906406	-0.386483	-4.198428	4.331573	0.256369
-4.121292	-1.367238	1.411599	-4.103526	-1.782882	2.074712
-3.977390	2.037833	1.453708	-4.177340	1.308401	1.654368
-4.121292	-1.367238	1.411599	-3.765967	-1.668886	0.775875
-4.606165	4.472336	4.924687	-4.930146	4.052339	5.449039
-3.305666	2.491028	3.309438	-3.076384	2.341580	2.529348
-5.007303	4.436215	4.221939	-4.866062	4.110113	3.500493
2.629958	-2.092451	2.360617	2.881375	-1.467734	2.011111
2.629958	-2.092451	2.360617	2.189862	-2.568770	1.852962
2.663812	0.568051	3.589793	2.860226	0.684695	2.850402
0.177536	3.675995	-3.802018	0.031091	2.947582	-4.003509
-1.887732	1.095721	-3.496217	-2.249177	0.795906	-2.888057
0.329383	2.230413	-3.957809	0.031091	2.947582	-4.003509
0.816231	5.673021	-1.155113	0.334181	5.603536	-0.448173
-2.504349	-4.955431	0.036203	-2.136602	-5.174327	0.605141
0.334181	5.603536	-0.448173	-0.038324	6.177195	-0.133708
-1.387739	-5.147229	-3.741606	-1.393840	-4.447499	-3.276936
0.055082	-3.224816	-4.089049	0.328050	-2.799516	-3.469637
-0.763521	-3.117830	-0.351185	-0.438733	-3.639795	-0.797266
0.966850	-3.094875	0.499369	0.555195	-2.586745	0.974724
0.920526	-4.198146	4.904461	0.638213	-4.846542	5.219618
1.626859	-0.869670	-0.634882	1.159817	-1.357114	-0.897794
1.609670	-2.750077	0.169104	0.966850	-3.094875	0.499369
1.852272	-1.155710	1.335167	2.019996	-1.159618	0.581485
5.412953	-5.263533	-2.739386	5.959843	-5.010441	-2.189701
5.155289	5.100556	3.434484	5.572026	5.280219	2.776643
0.782550	-3.880062	0.342900	0.966850	-3.094875	0.499369
1.744652	4.891969	-0.599949	1.699959	4.277513	-1.123646
2.280077	-4.731772	-0.468962	2.126828	-5.287156	-0.954959
-0.795056	2.731706	2.441875	-0.135801	2.736496	2.065144
1.583568	1.708987	2.208541	1.695071	2.355132	1.733971
1.282451	4.968976	0.698605	1.078526	5.422693	1.325021
-0.068667	-2.711740	-2.196387	0.463321	-2.202180	-1.993076
0.463321	-2.202180	-1.993076	1.202895	-2.350648	-1.871126
1.574141	0.815426	-3.898087	1.141405	0.408876	-3.308912
1.430984	-2.419877	3.324118	1.087506	-2.863724	2.736779
-1.191419	-0.314526	3.270532	-0.647089	-0.361454	3.927126
5.676196	2.363880	-3.274191	6.461716	2.441292	-3.359410
4.448271	2.758432	-2.874647	3.800147	2.485364	-3.223144
3.651846	3.344499	-2.172408	3.929672	4.077915	-2.095707
0.360953	-4.627445	2.060789	-0.433948	-4.861709	2.221932
0.360953	-4.627445	2.060789	0.754470	-4.808479	1.395990
0.360953	-4.627445	2.060789	0.739456	-4.234779	2.590245
-2.153937	2.491397	4.608675	-1.640636	2.902453	4.099830
-4.743156	3.374090	3.334924	-4.866062	4.110113	3.500493
-0.786238	2.254908	3.078586	-0.550087	1.521671	3.000349
2.758491	-3.143238	4.430864	2.351286	-3.289319	3.699513
2.561494	-4.542465	3.012241	3.312439	-4.625084	3.146337
3.144218	-3.750299	4.589442	2.911970	-4.221936	5.155921
-3.528776	-5.262146	-0.879794	-3.732218	-4.895875	-0.194402
-3.171101	5.691188	3.178614	-3.460010	5.021098	3.293780
-4.586247	4.871730	0.732153	-5.346340	4.868010	0.941672
-0.459765	2.589721	4.462604	-0.103306	3.129886	4.890467
-0.693705	3.998251	-5.553982	-1.304940	3.995419	-5.893275
-1.640636	2.902453	4.099830	-1.730119	3.647751	3.873378
-1.397070	5.057269	-2.387371	-0.769989	5.131238	-2.060545
-2.069522	-5.578089	-3.807949	-2.423672	-5.844461	-4.526001
-1.143608	4.328518	-3.544871	-1.690869	3.814381	-3.798670
1.693401	-4.427823	3.922064	1.585999	-4.404277	4.637807
2.220733	-4.661170	4.989008	1.585999	-4.404277	4.637807
0.920526	-4.198146	4.904461	0.484302	-3.518552	4.854224
-5.480157	-5.010441	-2.189701	-5.159353	-5.567486	-1.729758
-2.920803	-3.486601	-1.856662	-3.679913	-3.680849	-1.744814
5.307004	5.433804	-0.707302	5.137203	5.236499	-0.041364
5.251173	2.644430	0.382855	5.872720	2.128217	0.291390
3.651846	3.344499	-2.172408	3.014435	2.982562	-2.306748
4.396774	4.990257	-0.207949	4.280870	4.368542	-0.723415
-3.421194	3.214083	3.249049	-3.305666	2.491028	3.309438
-2.928070	4.858519	-0.797377	-2.862688	4.607717	-0.001125
0.064614	4.307409	3.636764	0.403279	4.143836	2.896029
-3.359165	-3.421703	0.745962	-2.965598	-3.708451	0.103335
-2.506553	5.593358	2.718058	-3.171101	5.691188	3.178614
-0.601436	-5.574034	2.375969	-0.265335	-5.948441	1.802922
-2.526404	4.595569	-2.160594	-2.290160	4.004231	-2.563489
-0.875196	-4.328383	-2.614006	-1.393840	-4.447499	-3.276936
-5.336929	0.739586	-1.804820	-4.763533	1.181746	-1.408368
-3.945930	5.028133	-3.632249	-3.613894	5.241688	-4.415963
-3.276688	4.515247	3.869376	-3.364699	4.654316	4.681377
-2.863348	0.149662	4.032023	-2.817242	-0.250073	4.783266
-3.021669	-0.067755	2.740102	-3.399780	0.041099	3.437948
-1.446022	-0.225028	-4.796441	-1.435349	0.195300	-5.535685
-3.952024	-2.076373	4.042342	-4.738477	-1.915540	4.059507
-3.952024	-2.076373	4.042342	-3.768903	-2.788633	3.707943
5.274914	-0.933444	-4.122516	4.796343	-1.267980	-4.639337
-4.789756	-3.250043	-3.892285	-4.598997	-2.610868	-3.452787
5.250677	-0.870227	5.668516	4.554295	-1.015817	6.066544
-4.789756	-3.250043	-3.892285	-4.614323	-3.933767	-3.543622
5.689714	-2.076556	-3.532236	6.290226	-2.300321	-3.096991
4.798263	-3.121265	-2.901097	4.998539	-2.435058	-3.233540
2.060769	-3.683112	-1.108430	1.708292	-4.201956	-0.645154
3.461203	-4.091921	-2.164990	2.812655	-4.459127	-1.870671
2.064368	0.392055	-4.327032	1.862289	-0.222464	-4.718559
1.531360	1.639116	-4.035874	2.084134	2.186072	-3.807756
1.928846	0.613810	-1.918001	1.539256	1.377936	-1.944722
3.211256	3.572701	2.534844	3.841906	4.046467	2.434229
3.688414	2.907394	3.451808	3.114868	3.383421	3.282622
3.208869	1.699861	4.086921	3.484245	1.668413	4.754827
-3.327325	-4.182541	-3.238379	-2.629195	-3.684395	-3.154049
-2.448086	3.925848	-3.852401	-2.839208	4.229597	-4.429538
-5.375792	-2.889712	4.961895	-6.156184	-2.837907	5.115486
-0.646957	-2.746853	-1.717535	-1.086204	-2.215754	-1.344604
-3.891179	-5.099308	-1.532045	-3.697519	-4.460492	-1.884341
-0.091819	-0.801593	1.559547	-0.659509	-1.271514	1.262339
0.522727	4.132088	-3.248144	0.177536	3.675995	-3.802018
1.766069	4.162767	-3.071586	2.209520	4.438156	-2.463380
3.215498	2.939983	-3.022729	2.718378	3.413484	-3.506040
4.528105	-4.573432	0.591631	3.757475	-4.419906	0.935802
5.388520	-3.211078	-0.719915	5.345259	-3.892979	-0.269126
5.388520	-3.211078	-0.719915	5.262782	-3.319597	-1.527446
1.218128	5.706311	-5.270132	0.681846	6.320581	-5.479847
1.123877	-4.986188	-3.746806	0.629038	-5.375797	-3.299776
-1.025983	-4.370495	2.206579	-0.433948	-4.861709	2.221932
-0.265335	5.491559	1.802922	-0.765604	5.545146	1.205580
5.251173	2.644430	0.382855	5.119739	3.204678	1.050290
4.368092	3.015389	-0.697749	4.064696	3.747289	-0.571301
3.430461	4.270014	-3.976723	4.024561	4.312060	-3.466256
2.779339	3.415394	-4.854104	2.988546	3.723942	-4.134541
3.406851	4.952941	-4.308108	3.430461	4.270014	-3.976723
1.539256	1.377936	-1.944722	0.715597	1.410360	-2.052685
4.287440	2.842823	-2.121045	4.234137	2.848835	-1.496595
3.763364	4.503645	-2.737049	3.929672	4.077915	-2.095707
0.488444	0.461409	4.211952	0.641982	1.109039	4.308577
-1.927722	0.840034	3.127905	-2.222118	1.307981	2.499499
1.582037	1.560703	5.317176	1.227128	2.164301	5.654110
1.371972	-2.113753	-1.096371	1.202895	-2.350648	-1.871126
2.284429	0.277485	-1.312907	1.928846	0.613810	-1.918001
2.057006	-0.003605	-2.457506	1.388933	-0.183605	-2.865652
0.641982	1.109039	4.308577	1.372157	1.386399	4.556217
0.641982	1.109039	4.308577	0.102278	1.579438	4.192167
-1.184501	-3.202099	5.454567	-0.743167	-2.701069	5.790949
-2.351148	-3.734053	-4.950156	-1.858903	-3.811699	-4.359383
0.055082	-3.224816	-4.089049	0.679536	-3.741572	-4.306320
4.356744	0.562724	4.724913	5.004002	0.149532	4.612912
3.044500	2.657266	-4.848542	2.827566	2.315072	-4.152307
-5.154650	0.088141	-3.818083	-4.413416	-0.187196	-3.643004
3.074801	-4.878063	0.740010	2.729834	-5.277241	1.363598
3.294695	-2.651889	-3.815838	4.003013	-2.280667	-3.963493
3.294695	-2.651889	-3.815838	2.571359	-2.289003	-3.572599
-5.409364	-4.246371	-2.301797	-5.182527	-4.172737	-3.074776
-4.789756	-3.250043	-3.892285	-5.133302	-3.202215	-4.643844
-5.133302	-3.202215	-4.643844	-5.936521	-3.176746	-4.793163
-1.184501	-3.202099	5.454567	-1.982094	-3.151872	5.328124
-0.725903	-5.390204	-4.152397	-1.387739	-5.147229	-3.741606
-2.362185	-3.067710	-5.406989	-2.707436	-2.407501	-5.160358
-4.394560	-5.231185	-4.693857	-5.159226	-5.519221	-4.635252
1.770811	2.582132	-1.193920	2.452499	2.584791	-0.825321
2.284429	0.277485	-1.312907	2.148838	-0.532624	-1.073454
0.839524	2.853726	-0.156455	0.132513	2.625661	-0.201544
-3.399780	0.041099	3.437948	-4.124803	0.068969	3.690518
-2.766377	-1.943272	2.638755	-2.694045	-1.368108	3.135270
-1.434191	-3.012508	3.411521	-1.710605	-2.767297	2.625136
3.337413	5.110576	-2.784088	3.763364	4.503645	-2.737049
4.639096	-3.711119	-3.465789	3.837915	-3.868727	-3.410701
3.337413	5.110576	-2.784088	3.529960	5.745276	-3.226116
-1.383507	-1.240791	1.497854	-0.659509	-1.271514	1.262339
-1.772418	-1.057344	0.874993	-1.383507	-1.240791	1.497854
-0.818693	5.272672	-1.282359	-0.769989	5.131238	-2.060545
-0.818693	5.272672	-1.282359	-0.687839	4.654489	-0.745817
0.502585	-4.498687	0.778919	-0.155082	-4.935269	0.565322
0.064614	4.307409	3.636764	0.518151	4.146351	4.286150
-2.325084	5.205893	5.477269	-2.452625	5.789964	6.118664
-1.677395	-3.195413	1.968054	-2.221409	-3.589633	1.633766
5.185755	4.585422	-4.189080	5.755333	4.992599	-3.865212
5.677135	-5.048138	-5.612294	5.821422	-5.694605	-5.258338
5.185755	4.585422	-4.189080	4.793302	4.210047	-3.622886
4.019559	3.939470	5.086936	4.225084	3.602291	5.779722
3.783539	4.846981	2.571525	3.841906	4.046467	2.434229
3.342622	5.347324	3.935319	2.675696	4.995181	4.254556
4.421140	3.133923	1.492696	4.378079	3.451299	2.218892
4.367190	4.363950	-1.533184	4.280870	4.368542	-0.723415
4.421140	3.133923	1.492696	3.763980	2.745698	1.292843
5.424370	-2.697574	1.095289	5.313824	-2.274217	0.411558
2.911149	-2.497998	-1.148911	2.269844	-2.958740	-0.959777
-1.163306	3.378692	-0.312708	-1.109614	4.214449	-0.211374
0.839524	2.853726	-0.156455	1.253130	3.017536	-0.814448
0.058669	4.472341	-0.756328	0.343106	4.830858	-0.198312
-0.698060	1.611865	-3.384734	-1.132834	2.184892	-3.150424
-2.720845	1.297289	-1.798040	-2.962955	1.978797	-1.633817
-3.415089	-0.370525	-0.154793	-2.847924	0.000643	-0.560162
-5.029969	0.754326	-0.210827	-4.780311	0.020504	-0.094063
4.978879	-0.003700	-0.091910	5.504887	-0.560725	0.121848
-5.029969	0.754326	-0.210827	-4.876784	1.383799	-0.637282
-3.595153	-1.868845	-1.237963	-4.119260	-2.459285	-1.031949
-3.595153	-1.868845	-1.237963	-3.030936	-1.629403	-0.801277
-4.368233	-1.135734	-2.097238	-5.024786	-1.602157	-2.005501
-3.952024	-2.076373	4.042342	-3.435476	-1.587720	4.299059
-0.177413	-2.440580	0.891063	-0.438858	-1.778977	0.673619
-1.927722	0.840034	3.127905	-2.361932	0.774843	3.848957
-2.888769	-4.280172	-5.191708	-2.591229	-4.883377	-5.576377
-5.547499	-5.692153	-3.958568	-5.159226	-5.519221	-4.635252
-0.801229	-2.948876	0.987779	-0.980137	-3.252891	1.654425
1.159817	-1.357114	-0.897794	0.462171	-1.295565	-1.032301
-0.559316	2.255403	0.757001	-1.358313	2.115629	0.700344
-0.435235	2.807437	-1.332452	-0.397469	2.080809	-1.575579
-0.435235	2.807437	-1.332452	-0.444402	3.358837	-1.861987
2.653027	-2.798917	1.233623	2.259197	-2.486239	0.599896
3.659866	-3.840593	1.472586	3.975285	-3.996535	2.217129
3.271084	5.597809	1.434624	2.729834	6.162759	1.363598
2.906831	5.474143	-1.800902	3.512985	5.033931	-1.389135
2.915667	-4.895021	-0.017317	3.650256	-5.188645	-0.160838
2.280077	-4.731772	-0.468962	2.915667	-4.895021	-0.017317
-2.995894	0.615591	-1.713053	-3.626738	0.731520	-2.148015
-5.257733	2.192520	-5.413035	-4.813324	2.644148	-5.957324
5.004002	0.149532	4.612912	5.292106	-0.126038	5.295001
1.939750	-5.560441	-5.520979	2.601207	-5.423075	-5.316611
-2.423672	5.595539	-4.526001	-2.886475	5.017932	-4.460602
-5.426187	-4.814652	5.121999	-5.956340	-4.722798	4.543211
2.126828	-5.287156	-0.954959	2.648895	-5.263648	-1.576658
2.768851	4.984119	-2.385505	2.209520	4.438156	-2.463380
3.763364	4.503645	-2.737049	4.024561	4.312060	-3.466256
0.502585	-4.498687	0.778919	0.782550	-3.880062	0.342900
2.771292	-1.849422	-2.408206	2.744413	-1.143331	-2.114039
-0.356255	-4.949754	-0.679407	-0.038324	-5.262805	-0.133708
-1.849084	1.574129	0.670071	-1.358313	2.115629	0.700344
-1.849084	1.574129	0.670071	-2.093078	1.735109	-0.128170
-2.510110	0.870569	1.836053	-2.222118	1.307981	2.499499
-0.183463	0.037705	1.449708	-0.197735	0.381904	2.117222
-3.021669	-0.067755	2.740102	-2.516554	-0.677464	2.874280
0.488444	0.461409	4.211952	0.783953	0.315444	4.879192
3.211256	3.572701	2.534844	2.750013	3.247221	2.005740
3.900456	1.618091	3.087081	3.552165	1.029150	2.650525
2.973917	-4.228466	-4.953616	2.769576	-3.819611	-4.364102
4.003013	-2.280667	-3.963493	4.309312	-2.095267	-3.211875
5.075606	-2.532318	-4.989604	4.546450	-2.055007	-4.492011
-4.914654	2.019452	-0.112209	-5.567280	2.128217	0.291390
-3.709983	2.925279	-0.992433	-4.235257	3.076357	-0.366102
-4.914654	2.019452	-0.112209	-4.876784	1.383799	-0.637282
3.570118	1.593015	-1.885439	3.489219	0.960483	-1.358297
3.570118	1.593015	-1.885439	3.706147	1.382819	-2.641583
3.570118	1.593015	-1.885439	3.555627	2.408612	-1.582976
5.247128	3.717512	-3.165591	4.793302	4.210047	-3.622886
4.448271	2.758432	-2.874647	5.161366	2.960793	-3.124554
5.676196	2.363880	-3.274191	5.406471	1.620896	-3.330844
-3.829163	-0.572338	-4.106057	-4.413416	-0.187196	-3.643004
-0.822403	-2.552771	-4.847396	-1.040690	-1.852947	-4.885972
-2.264083	-1.768296	-5.336078	-2.293130	-1.420465	-6.056374
-3.311449	3.705477	1.107274	-3.417622	4.190816	0.458827
5.262782	-3.319597	-1.527446	4.673047	-3.276650	-2.048466
-2.928070	4.858519	-0.797377	-3.019507	4.687046	-1.552185
-3.003434	2.497698	-0.984211	-2.962955	1.978797	-1.633817
-1.774897	2.903619	-0.177023	-1.163306	3.378692	-0.312708
-1.774897	2.903619	-0.177023	-1.867260	2.711867	0.601715
-1.779846	-4.554848	2.148106	-1.025983	-4.370495	2.206579
-1.044328	5.512124	2.939058	-1.808996	5.189110	2.809178
0.979872	-5.442790	4.141330	0.396211	-5.081207	4.523020
4.385836	-3.403200	3.988978	4.870983	-3.366554	4.609402
5.585589	4.931078	-5.395619	5.821422	5.745395	-5.258338
3.422208	-2.045235	3.432814	4.161509	-2.224041	3.135778
1.567893	5.628212	-0.925980	2.126828	6.152844	-0.954959
3.650256	-5.188645	-0.160838	3.764146	-6.006355	0.134784
3.650256	-5.188645	-0.160838	4.377940	-5.016447	-0.415069
2.800956	-0.418771	-2.510081	2.744413	-1.143331	-2.114039
3.112170	-1.572807	-0.085219	2.937421	-1.742453	-0.796823
1.087506	-2.863724	2.736779	0.531400	-3.455626	2.748816
1.693401	-4.427823	3.922064	1.214226	-4.973119	3.554626
2.601207	-5.423075	-5.316611	3.162268	-5.797665	-5.753080
-0.891049	-4.435742	-5.110941	-0.454901	-4.898865	-4.730941
2.758491	-3.143238	4.430864	2.634832	-2.429738	4.740453
3.532721	-5.299803	5.154705	3.898602	-4.665635	5.511649
3.326340	-0.321364	4.243538	3.761985	-0.901507	3.938874
5.476411	-5.401462	2.722577	5.944493	-4.968313	3.265234
-4.572976	3.412932	-5.667732	-4.930146	4.052339	-5.990961
5.476411	-5.401462	2.722577	5.572026	-6.159781	2.776643
2.561494	-4.542465	3.012241	2.022525	-4.817298	2.526350
1.334399	-5.311086	1.506969	2.059049	-5.140714	1.784046
2.973917	-4.228466	-4.953616	3.264098	-4.352094	-5.626393
2.911970	-4.221936	5.155921	3.264098	-4.352094	5.813607
4.499941	-3.450838	2.516092	3.975285	-3.996535	2.217129
4.627482	-4.444395	5.519199	3.898602	-4.665635	5.511649
5.681711	2.716903	2.038630	5.476436	2.726690	2.700331
-5.473256	1.598129	1.494118	-4.888913	1.433740	1.991204
5.681711	2.716903	2.038630	6.026058	3.214719	1.609375
-1.599104	-4.901169	5.172108	-1.368951	-5.545783	4.809853
-0.461213	3.315648	5.638942	-0.693091	2.810043	6.234030
-2.452625	-5.650036	-5.321336	-2.423672	-5.844461	-4.526001
3.734074	5.496778	2.087183	4.197039	6.147175	2.284915
4.197039	-5.292825	2.284915	4.979734	-5.175381	2.242086
3.734074	5.496778	2.087183	3.783539	4.846981	2.571525
-0.370874	-4.901644	4.242243	0.396211	-5.081207	4.523020
2.023400	5.381443	4.565209	2.068020	5.992617	5.149343
2.956577	4.259244	5.563404	3.277077	4.101507	4.897372
-2.508174	-4.719749	2.059015	-3.193535	-4.246647	1.904198
-2.932557	-3.689590	1.382495	-3.193535	-4.246647	1.904198
-5.145756	-3.812200	0.788303	-5.222939	-4.233812	1.489123
3.123422	-1.758876	4.795655	3.433202	-1.584231	4.096386
2.663812	0.568051	3.589793	2.544511	1.251977	3.918100
3.483002	2.415050	-5.484734	4.222044	2.798221	-5.642864
-4.484189	4.409221	-3.572025	-4.210265	3.653607	-3.696786
-1.080853	3.264774	-2.285816	-1.592804	3.767291	-2.491091
-3.802319	3.295829	-3.130491	-3.128110	3.135468	-3.108390
-1.983908	2.710700	5.377356	-2.037024	3.519601	5.579209
-2.037024	3.519601	5.579209	-2.724250	3.946393	5.774186
-3.334035	0.280359	-5.423110	-4.100417	0.105749	-5.374543
-3.417622	4.190816	0.458827	-4.198428	4.331573	0.256369
-4.807537	4.567538	2.852515	-4.866062	4.110113	3.500493
-3.158397	-5.435824	-2.869822	-3.715620	-6.030495	-2.917336
-4.399007	-5.610565	-1.798444	-3.970153	-6.189748	-2.167188
-4.029004	-5.172805	4.978204	-4.000491	-5.848773	5.514897
-4.940926	-1.169168	3.786544	-4.738477	-1.915540	4.059507
-4.940926	-1.169168	3.786544	-5.521423	-1.022485	3.248955
-4.558840	-0.641108	1.440715	-5.327544	-0.817870	1.769336
2.064368	0.392055	-4.327032	1.574141	0.815426	-3.898087
1.574141	0.815426	-3.898087	1.531360	1.639116	-4.035874
5.285011	-0.949852	0.687855	5.339271	-0.726190	1.463460
4.609034	-0.518649	1.766390	4.262388	-1.121015	2.225585
4.609034	-0.518649	1.766390	4.064883	0.117941	1.739695
3.277840	1.818307	5.475679	3.483002	2.415050	5.955266
3.277840	1.818307	5.475679	3.484245	1.668413	4.754827
3.277840	1.818307	5.475679	2.825795	1.235038	5.769467
1.829149	-4.898102	-3.796343	1.123877	-4.986188	-3.746806
0.301606	-4.865469	-4.876555	0.689091	-4.530734	-4.331275
-1.878040	-2.830241	-0.053028	-2.126841	-2.077935	-0.016888
-0.177413	-2.440580	0.891063	0.555195	-2.586745	0.974724
0.074237	-4.237553	-0.661739	-0.438733	-3.639795	-0.797266
-0.177413	-2.440580	0.891063	-0.801229	-2.948876	0.987779
-0.419550	-1.747622	-0.144619	-0.110018	-1.174225	-0.561166
-0.419550	-1.747622	-0.144619	-0.740830	-2.333304	-0.598694
-3.891179	-5.099308	-1.532045	-3.528776	-5.262146	-0.879794
-1.692358	-5.004398	-1.022702	-2.328295	-5.277765	-0.669284
-2.920803	-3.486601	-1.856662	-2.380574	-3.686481	-1.235149
0.074237	-4.237553	-0.661739	-0.356255	-4.949754	-0.679407
1.884503	1.497929	4.066353	2.544511	1.251977	3.918100
1.270937	1.927250	2.932462	1.583568	1.708987	2.208541
-1.054580	4.817982	1.070577	-0.872944	4.333759	1.702515
1.280666	-2.299637	4.528289	1.937353	-2.260747	4.996584
1.280666	-2.299637	4.528289	1.332448	-1.866474	3.863718
-0.282339	-3.785393	4.713271	0.484302	-3.518552	4.854224
0.920526	-4.198146	4.904461	1.585999	-4.404277	4.637807
4.011198	-2.711326	1.359862	3.344598	-3.184961	1.341962
-0.068667	-2.711740	-2.196387	-0.646957	-2.746853	-1.717535
-0.183463	0.037705	1.449708	-0.091819	-0.801593	1.559547
-0.183463	0.037705	1.449708	-0.182441	0.161385	0.697992
0.080820	3.892722	-1.923568	-0.444402	3.358837	-1.861987
0.080820	3.892722	-1.923568	0.240507	4.314501	-2.508392
0.080820	3.892722	-1.923568	0.428854	4.018935	-1.272670
-4.026235	-1.324217	-4.411595	-3.829163	-0.572338	-4.106057
3.898869	0.035907	-3.288981	3.942300	0.365924	-3.916754
3.898869	0.035907	-3.288981	3.569103	-0.397626	-2.783310
-3.990690	3.481752	-5.044014	-3.227487	3.842231	-5.075018
4.019559	3.939470	5.086936	3.277077	4.101507	4.897372
-3.990690	3.481752	-5.044014	-4.289350	3.183669	-4.339009
-3.228180	-2.397164	-2.817293	-2.904676	-3.153136	-2.619352
-1.143785	-3.789040	-4.619791	-0.622446	-3.205133	-4.487759
-0.725903	-5.390204	-4.152397	-0.454901	-4.898865	-4.730941
-2.325084	5.205893	5.477269	-1.652862	5.226336	5.062763
-0.693705	3.998251	-5.553982	-0.094173	4.227532	-5.102718
-3.364699	4.654316	4.681377	-2.847333	4.599475	5.260783
2.708879	4.685358	0.432000	1.928052	4.841017	0.243264
3.429892	3.959146	-0.336616	2.960647	3.959267	0.270923
2.209520	4.438156	-2.463380	2.234275	4.143411	-1.701008
-4.572976	3.412932	-5.667732	-4.813324	2.644148	-5.957324
-4.608681	0.601065	-5.251598	-5.016925	0.573632	-5.898470
-0.851096	-3.801236	5.237744	-1.131792	-4.425937	5.593282
-0.459765	2.589721	4.462604	-0.980228	2.573897	3.834041
-1.599104	-4.901169	5.172108	-2.331071	-4.744881	5.116768
2.653027	-2.798917	1.233623	3.344598	-3.184961	1.341962
3.659866	-3.840593	1.472586	3.344598	-3.184961	1.341962
-3.725525	-1.532130	-1.940638	-4.368233	-1.135734	-2.097238
5.285011	-0.949852	0.687855	4.944119	-1.646638	0.581486
-2.932557	-3.689590	1.382495	-2.221409	-3.589633	1.633766
-5.495507	-4.968313	3.265234	-4.866468	-4.429541	3.179296
-4.762098	-3.224619	3.927550	-5.004941	-2.600199	4.366253
-2.775785	-1.602693	3.834810	-3.435476	-1.587720	4.299059
-4.610103	0.699365	3.719219	-4.411365	1.095269	4.374052
-5.184988	0.976485	3.336405	-5.890518	0.784712	3.584027
-4.923064	-3.003980	-1.934806	-5.513139	-3.565215	-1.921743
-0.962655	-5.380551	-1.011015	-1.692358	-5.004398	-1.022702
-2.032224	-2.054409	2.488770	-2.766377	-1.943272	2.638755
-1.916987	0.777926	-5.700379	-2.375240	0.814774	-6.274360
-1.446022	-0.225028	-4.796441	-0.800299	-0.018550	-4.386663
-4.289350	3.183669	-4.339009	-4.698047	2.500060	-4.175489
-3.364699	4.654316	4.681377	-4.032623	4.877056	5.038566
-2.126841	-2.077935	-0.016888	-2.319564	-1.495719	0.488572
0.840680	-0.811450	-2.958116	0.261192	-0.900772	-2.377404
1.862289	-0.222464	-4.718559	2.105167	-0.288405	-5.503654
3.455020	1.390221	-3.362080	3.706147	1.382819	-2.641583
5.479015	2.010706	1.885397	4.819141	1.731163	2.152555
-1.927543	2.713927	2.000426	-2.233432	2.826106	1.243448
-1.568715	-4.823618	1.038132	-1.850151	-4.305491	1.504428
3.208869	1.699861	4.086921	3.582740	2.133959	3.559543
1.557537	2.752040	3.941359	1.590361	2.019552	3.650964
1.270937	1.927250	2.932462	1.590361	2.019552	3.650964
-3.126673	-1.665966	-2.496846	-3.725525	-1.532130	-1.940638
4.064883	0.117941	1.739695	3.356762	-0.019813	1.380697
-4.086957	-0.128500	0.270403	-3.415089	-0.370525	-0.154793
-3.311449	3.705477	1.107274	-2.961241	3.029844	1.333916
-2.961241	3.029844	1.333916	-3.387261	2.421818	1.765994
-2.961241	3.029844	1.333916	-2.233432	2.826106	1.243448
1.744652	4.891969	-0.599949	1.928052	4.841017	0.243264
4.368092	3.015389	-0.697749	4.685828	2.577405	-0.182338
4.385023	1.813838	-0.133108	4.685828	2.577405	-0.182338
4.228531	1.370254	4.774892	4.829469	1.906106	4.894873
4.228531	1.370254	4.774892	4.356744	0.562724	4.724913
-3.093802	-4.455491	-0.014326	-3.732218	-4.895875	-0.194402
-1.611119	-0.911749	-1.643479	-0.917866	-0.498753	-1.741933
-2.334727	-0.678217	-1.857280	-1.611119	-0.911749	-1.643479
5.577523	5.418636	4.000907	5.648290	6.237898	3.983936
-5.281619	-1.229442	2.485865	-5.521423	-1.022485	3.248955
-1.434191	-3.012508	3.411521	-1.898690	-2.736134	4.035752
1.708381	-2.592357	-0.607382	1.371972	-2.113753	-1.096371
1.789600	-3.522069	-2.378101	2.229891	-3.910372	-1.875705
1.708381	-2.592357	-0.607382	2.269844	-2.958740	-0.959777
-2.591229	-4.883377	-5.576377	-2.331071	-4.744881	-6.323232
-3.613894	5.241688	-4.415963	-3.968900	5.630539	-5.043252
2.504206	-1.767945	0.349605	3.112170	-1.572807	-0.085219
-4.913385	-1.897740	2.272328	-5.281619	-1.229442	2.485865
-4.103526	-1.782882	2.074712	-4.913385	-1.897740	2.272328
5.424370	-2.697574	1.095289	4.807415	-2.983250	1.451600
3.312439	-4.625084	3.146337	3.525291	-4.674198	3.875540
0.979872	-5.442790	4.141330	1.250612	-6.146086	4.455419
1.334399	-5.311086	1.506969	1.078526	-6.017307	1.325021
0.556781	3.431938	4.568097	-0.103306	3.129886	4.890467
0.556781	3.431938	4.568097	1.191921	3.002481	4.578769
1.250612	5.293914	4.455419	0.933117	4.583126	4.715998
4.364022	-3.024032	3.206807	4.499941	-3.450838	2.516092
-0.962655	-5.380551	-1.011015	-0.356255	-4.949754	-0.679407
3.659866	-3.840593	1.472586	3.757475	-4.419906	0.935802
3.312439	-4.625084	3.146337	3.806351	-4.625757	2.571720
4.499941	-3.450838	2.516092	4.949182	-3.567368	1.964908
-0.629730	0.809925	2.692812	-0.550087	1.521671	3.000349
3.234381	-0.059824	0.620532	3.733228	-0.531256	0.152126
-5.684667	4.992599	-3.865212	-5.547499	5.747847	-3.958568
-2.886475	5.017932	-4.460602	-2.839208	4.229597	-4.429538
5.185755	4.585422	-4.189080	5.045060	4.595260	-4.934110
2.990579	2.910084	-1.321296	2.452499	2.584791	-0.825321
2.990579	2.910084	-1.321296	2.814208	3.729690	-1.399332
2.990579	2.910084	-1.321296	3.555627	2.408612	-1.582976
5.577523	5.418636	4.000907	5.155289	5.100556	3.434484
-5.495507	-4.968313	3.265234	-5.791710	-5.202102	3.983936
1.699959	4.277513	-1.123646	2.234275	4.143411	-1.701008
0.816231	5.673021	-1.155113	0.445087	5.735153	-1.956502
-0.155082	-4.935269	0.565322	-0.038324	-5.262805	-0.133708
2.988546	3.723942	-4.134541	2.718378	3.413484	-3.506040
3.664792	4.745939	-4.983680	3.231861	4.923033	-5.583793
4.356744	0.562724	4.724913	3.795547	0.032490	4.854674
3.900456	1.618091	3.087081	3.582740	2.133959	3.559543
3.688414	2.907394	3.451808	3.582740	2.133959	3.559543
-4.762098	-3.224619	3.927550	-4.783984	-3.621029	3.255901
-4.045776	-2.994250	0.682891	-4.098351	-2.301309	0.358032
4.979734	-5.175381	2.242086	5.178897	-4.790125	1.665967
2.059049	-5.140714	1.784046	2.729834	-5.277241	1.363598
5.247128	3.717512	-3.165591	5.741446	4.259972	-2.807179
4.424961	1.025648	-2.744403	4.502536	0.301592	-2.971767
3.455020	1.390221	-3.362080	3.331320	0.835224	-3.863102
-5.281619	-1.229442	2.485865	-5.327544	-0.817870	1.769336
5.195895	-0.665222	3.520116	5.268185	0.082256	3.832855
3.433202	-1.584231	4.096386	3.761985	-0.901507	3.938874
-1.774897	2.903619	-0.177023	-2.348033	2.479640	-0.478859
-2.090835	1.141984	-2.179142	-2.249177	0.795906	-2.888057
-1.426620	1.038170	-1.072193	-1.946390	1.082583	-0.482915
-2.682768	3.628052	-3.140464	-3.128110	3.135468	-3.108390
-2.526404	4.595569	-2.160594	-2.091106	5.185550	-2.560866
-2.766377	-1.943272	2.638755	-3.529414	-2.126303	2.534673
-4.958103	-2.641749	2.137672	-4.643235	-3.052720	2.737936
-2.104464	-1.974842	4.235420	-1.898690	-2.736134	4.035752
3.858397	-3.380360	-1.948820	3.461203	-4.091921	-2.164990
3.529960	-5.694724	-3.226116	3.135486	-5.799547	-3.876785
-0.763521	-3.117830	-0.351185	-1.137016	-2.988600	0.223059
-3.093802	-4.455491	-0.014326	-2.504349	-4.955431	0.036203
-1.850151	-4.305491	1.504428	-2.221409	-3.589633	1.633766
-5.473256	1.598129	1.494118	-5.583392	1.465371	0.763795
-5.138273	1.483000	2.745699	-4.888913	1.433740	1.991204
-1.441048	4.619395	0.409120	-1.054580	4.817982	1.070577
0.343106	4.830858	-0.198312	0.603331	4.587019	0.489686
-4.271138	-0.692236	-5.518868	-4.589103	-1.176547	-4.967472
-4.610291	-3.235993	-5.278717	-3.873695	-3.225293	-5.022558
-4.271138	-0.692236	-5.518868	-4.024662	-0.708148	-6.228457
1.626859	-0.869670	-0.634882	1.775214	-0.625088	0.069086
1.609670	-2.750077	0.169104	2.259197	-2.486239	0.599896
5.580633	3.737994	1.359501	5.119739	3.204678	1.050290
5.580633	3.737994	1.359501	5.865403	4.433518	1.565997
5.580633	3.737994	1.359501	6.026058	3.214719	1.609375
-2.382587	5.532675	0.806193	-2.136602	6.265673	0.605141
-3.761001	4.702315	1.990373	-3.718464	4.031807	1.708797
2.750013	3.247221	2.005740	2.027012	2.999282	2.173205
2.960647	3.959267	0.270923	2.770854	3.317083	0.661456
-1.143785	-3.789040	-4.619791	-1.858903	-3.811699	-4.359383
-0.801229	-2.948876	0.987779	-1.137016	-2.988600	0.223059
0.840680	-0.811450	-2.958116	0.773907	-1.345251	-3.582891
4.951848	4.663515	-1.880041	5.685635	4.460250	-2.049784
-4.766575	4.199923	-1.030187	-4.431807	3.906406	-0.386483
4.367190	4.363950	-1.533184	4.951848	4.663515	-1.880041
0.064614	4.307409	3.636764	-0.660998	4.616589	3.826030
0.477948	5.113626	1.832192	0.382937	4.615155	2.260570
0.786744	3.464223	2.770408	0.403279	4.143836	2.896029
-0.181722	0.110312	-5.598347	-0.834580	-0.096140	-6.005983
-0.181722	0.110312	-5.598347	0.280755	0.565257	-5.927626
2.816957	4.183958	4.280212	3.277077	4.101507	4.897372
2.816957	4.183958	4.280212	2.675696	4.995181	4.254556
2.816957	4.183958	4.280212	2.549591	3.643898	3.745163
-4.120114	1.858271	4.376724	-4.692708	2.281002	4.740445
-4.608681	0.601065	-5.251598	-4.887668	1.116440	-4.745732
-4.120114	1.858271	4.376724	-3.398268	2.096335	4.026804
1.939750	-5.560441	-5.520979	1.218128	-5.733689	-5.270132
2.504206	-1.767945	0.349605	2.019996	-1.159618	0.581485
1.337565	-3.847757	-2.893046	0.497349	-3.820842	-2.762412
-0.428786	-1.371598	-5.156288	-1.040690	-1.852947	-4.885972
-0.428786	-1.371598	-5.156288	-0.552099	-1.605238	-5.842251
-2.724250	3.946393	-5.665814	-3.227487	3.842231	-5.075018
-0.721493	-0.143724	-1.050072	-0.736180	0.641484	-0.988786
0.840680	-0.811450	-2.958116	1.388933	-0.183605	-2.865652
-0.513142	-0.533688	-0.429818	-0.721493	-0.143724	-1.050072
0.931755	4.941403	-4.044443	1.199667	4.460813	-3.484400
-1.741528	-4.255594	-1.401901	-2.380574	-3.686481	-1.235149
-2.920803	-3.486601	-1.856662	-2.904676	-3.153136	-2.619352
-2.090835	1.141984	-2.179142	-2.720845	1.297289	-1.798040
-2.605475	-0.552366	-3.146592	-2.700759	-1.010714	-2.510418
-0.851096	-3.801236	5.237744	-1.184501	-3.202099	5.454567
-0.103306	3.129886	4.890467	-0.461213	3.315648	5.638942
-1.080853	3.264774	-2.285816	-1.099114	2.493655	-2.505076
2.093870	2.750351	-3.198032	2.084134	2.186072	-3.807756
-4.584314	-3.889511	5.010222	-4.667320	-4.663526	5.043719
-4.738477	-1.915540	4.059507	-5.004941	-2.600199	4.366253
-5.375792	-2.889712	4.961895	-5.004941	-2.600199	4.366253
5.533650	-0.344618	-2.272969	5.277138	-0.850404	-1.777544
-5.538085	-1.240942	-1.530926	-6.162862	-0.850404	-1.777544
-3.968900	5.630539	-5.043252	-4.000491	5.591227	-5.925103
-5.574597	4.433518	1.565997	-5.456120	4.772734	2.368545
-4.667279	3.080908	1.514791	-5.413942	3.214719	1.609375
-0.356662	1.807367	5.493623	-0.959394	2.175708	5.837591
-2.685651	1.951153	4.370805	-2.475235	1.215825	4.472190
-2.685651	1.951153	4.370805	-3.398268	2.096335	4.026804
-2.382587	5.532675	0.806193	-2.840459	5.580596	1.434140
-2.382587	5.532675	0.806193	-2.197763	4.875126	0.388878
0.816231	5.673021	-1.155113	1.567893	5.628212	-0.925980
2.060769	-3.683112	-1.108430	2.269844	-2.958740	-0.959777
0.522727	4.132088	-3.248144	0.240507	4.314501	-2.508392
4.308132	-1.446717	2.904689	4.262388	-1.121015	2.225585
3.660744	-1.490238	1.882596	2.881375	-1.467734	2.011111
0.343106	4.830858	-0.198312	0.334181	5.603536	-0.448173
2.768851	4.984119	-2.385505	2.906831	5.474143	-1.800902
2.915667	-4.895021	-0.017317	3.074801	-4.878063	0.740010
0.638213	-4.846542	5.219618	0.681846	-5.119419	5.960153
-3.158397	-5.435824	-2.869822	-2.449188	-5.741529	-3.062922
3.114868	3.383421	3.282622	2.549591	3.643898	3.745163
-3.578206	5.279853	1.480293	-2.840459	5.580596	1.434140
-5.138474	-4.795321	0.276170	-4.380016	-4.935845	0.250185
-3.929285	-2.677412	2.947627	-3.529414	-2.126303	2.534673
-3.929285	-2.677412	2.947627	-4.643235	-3.052720	2.737936
5.677135	-5.048138	-5.612294	6.013813	-4.814652	-6.318001
5.195895	-0.665222	3.520116	5.918577	-1.022485	3.248955
-3.334035	0.280359	-5.423110	-2.879042	0.274125	-6.096164
-4.396281	-0.229889	4.734800	-4.024662	-0.708148	5.211543
-3.587854	-5.125641	3.501654	-4.110636	-4.686235	2.973592
5.483660	-4.722798	4.543211	5.648290	-5.202102	3.983936
5.585589	4.931078	-5.395619	5.837781	4.453703	-5.948409
-5.416314	2.290188	2.986898	-5.138273	1.483000	2.745699
4.196894	1.507794	1.692019	4.819141	1.731163	2.152555
-0.249124	1.929230	4.737454	-0.356662	1.807367	5.493623
-0.459765	2.589721	4.462604	-0.249124	1.929230	4.737454
0.524372	2.122595	3.007595	-0.017012	1.702779	3.421134
-4.057490	1.962596	-2.361633	-3.224778	2.138452	-2.349138
3.938481	-1.952436	1.339853	4.188741	-1.619221	0.698245
3.660744	-1.490238	1.882596	3.938481	-1.952436	1.339853
3.938481	-1.952436	1.339853	4.011198	-2.711326	1.359862
1.852272	-1.155710	1.335167	1.143409	-1.427446	1.611562
3.123422	-1.758876	4.795655	2.634832	-2.429738	4.740453
4.978879	-0.003700	-0.091910	5.190698	0.710482	-0.081406
-4.780311	0.020504	-0.094063	-4.086957	-0.128500	0.270403
4.178565	0.579950	-1.263149	4.319477	-0.212243	-1.145681
-3.718464	4.031807	1.708797	-4.158556	3.505609	2.007819
-2.325084	5.205893	5.477269	-2.847333	4.599475	5.260783
-3.540273	-3.369366	4.174976	-2.868006	-3.713930	4.431381
-2.249177	0.795906	-2.888057	-2.773506	0.179267	-2.927182
-2.323249	1.501591	-3.974436	-2.371089	2.080854	-3.535570
5.178207	-4.039995	-3.937301	5.250408	-3.948480	-4.698364
5.689714	-2.076556	-3.532236	4.998539	-2.435058	-3.233540
4.367190	4.363950	-1.533184	3.929672	4.077915	-2.095707
4.378079	3.451299	2.218892	3.841906	4.046467	2.434229
2.750013	3.247221	2.005740	3.076366	3.120994	1.310231
-0.845058	-5.128521	0.906610	-0.765604	-5.894854	1.205580
-4.643235	-3.052720	2.737936	-4.783984	-3.621029	3.255901
2.042872	3.424828	-3.193390	2.718378	3.413484	-3.506040
2.023400	5.381443	4.565209	2.675696	4.995181	4.254556
3.489533	-5.370059	4.324935	3.532721	-5.299803	5.154705
-0.356662	1.807367	5.493623	0.259568	1.369785	5.760412
4.796343	-1.267980	-4.639337	4.546450	-2.055007	-4.492011
4.796343	-1.267980	-4.639337	4.554295	-1.015817	-5.373456
-2.334727	-0.678217	-1.857280	-2.700759	-1.010714	-2.510418
-4.483981	2.561422	0.148145	-4.235257	3.076357	-0.366102
-4.483981	2.561422	0.148145	-4.357630	2.531471	0.980930
5.176968	-0.131250	-2.932967	5.546893	-0.360514	-3.635858
4.309312	-2.095267	-3.211875	4.998539	-2.435058	-3.233540
-5.351548	-1.436894	-4.928928	-5.930467	-1.553157	-5.553161
4.272555	5.428423	-1.424879	3.512985	5.033931	-1.389135
1.089565	3.760163	-1.081294	1.699959	4.277513	-1.123646
-3.359165	-3.421703	0.745962	-4.045776	-2.994250	0.682891
-4.343375	-5.199561	0.999732	-4.188985	-5.942493	1.050415
-1.727568	-1.430827	-4.828024	-1.040690	-1.852947	-4.885972
-2.250662	-3.206304	4.579587	-2.868006	-3.713930	4.431381
-1.441048	4.619395	0.409120	-1.109614	4.214449	-0.211374
-2.204508	3.971095	3.352778	-1.802765	4.366410	2.790798
-0.875196	-4.328383	-2.614006	-0.017290	-4.464114	-2.636088
-1.397070	5.057269	-2.387371	-2.091106	5.185550	-2.560866
-1.143608	4.328518	-3.544871	-0.592287	4.645823	-3.922990
-2.037024	3.519601	5.579209	-1.304940	3.995419	5.546725
-0.786238	2.254908	3.078586	-0.980228	2.573897	3.834041
3.215498	2.939983	-3.022729	3.800147	2.485364	-3.223144
2.779339	3.415394	-4.854104	3.044500	2.657266	-4.848542
3.231861	4.923033	-5.583793	2.956577	4.259244	-5.876596
-2.469712	1.140913	-4.621939	-2.323249	1.501591	-3.974436
0.040688	1.732167	-3.391131	0.388796	1.302690	-2.815052
-2.469712	1.140913	-4.621939	-2.043599	1.417493	-5.287522
4.178565	0.579950	-1.263149	4.847938	1.011902	-1.242166
4.368092	3.015389	-0.697749	4.234137	2.848835	-1.496595
3.748762	1.808514	0.319791	4.385023	1.813838	-0.133108
-3.404838	-2.535684	-4.796252	-3.873695	-3.225293	-5.022558
-3.428009	-1.097106	4.858342	-3.435476	-1.587720	4.299059
-3.555889	-4.012305	-4.932254	-3.873695	-3.225293	-5.022558
-2.251905	-1.766672	-0.764987	-1.630720	-1.655036	-1.268045
2.288644	2.581600	-2.403071	2.093870	2.750351	-3.198032
2.288644	2.581600	-2.403071	3.014435	2.982562	-2.306748
-3.929285	-2.677412	2.947627	-3.768903	-2.788633	3.707943
-2.871734	-4.510163	4.616005	-2.331071	-4.744881	5.116768
-3.540273	-3.369366	4.174976	-4.216042	-3.544642	4.438463
-2.348033	2.479640	-0.478859	-2.093078	1.735109	-0.128170
-1.772418	-1.057344	0.874993	-2.319564	-1.495719	0.488572
-1.725860	2.063799	-5.624057	-0.959394	2.175708	-5.602409
-2.153937	2.491397	4.608675	-1.983908	2.710700	5.377356
3.417009	-2.734047	-1.718608	3.858397	-3.380360	-1.948820
4.364022	-3.024032	3.206807	4.385836	-3.403200	3.988978
-3.587854	-5.125641	3.501654	-3.490170	-4.947565	4.331222
-2.629195	-3.684395	-3.154049	-2.904676	-3.153136	-2.619352
4.379631	3.348316	3.445764	4.523591	3.949057	3.940356
4.501387	4.706777	3.566789	3.786866	5.004678	3.351329
5.160407	1.459679	3.592231	5.373196	1.945812	4.274615
1.734606	0.921353	2.044695	1.583568	1.708987	2.208541
0.430138	0.674484	0.432038	0.114448	1.216207	-0.046547
0.554601	0.128231	2.137753	1.160512	0.500247	1.665481
0.328050	-2.799516	-3.469637	0.203516	-3.033939	-2.798366
-0.181722	0.110312	-5.598347	-0.272846	-0.269735	-4.919340
1.862289	-0.222464	-4.718559	1.453847	-0.838258	-4.531486
5.641922	5.339515	0.478691	5.137203	5.236499	-0.041364
5.345259	-3.892979	-0.269126	4.782445	-4.441285	-0.130535
5.345259	-3.892979	-0.269126	5.940369	-4.162985	0.190946
-1.727568	-1.430827	-4.828024	-2.264083	-1.768296	-5.336078
-3.540273	-3.369366	4.174976	-3.768903	-2.788633	3.707943
-2.264083	-1.768296	-5.336078	-2.707436	-2.407501	-5.160358
-3.891179	-5.099308	-1.532045	-4.399007	-5.610565	-1.798444
-4.399007	-5.610565	-1.798444	-5.159353	-5.567486	-1.729758
0.524513	-2.451500	5.545746	0.765124	-2.807144	4.917191
2.815735	0.932413	-0.190744	3.006100	1.668050	-0.000019
4.234137	2.848835	-1.496595	3.555627	2.408612	-1.582976
5.685635	4.460250	-2.049784	5.741446	4.259972	-2.807179
1.557537	2.752040	3.941359	1.191921	3.002481	4.578769
2.027012	2.999282	2.173205	1.695071	2.355132	1.733971
-1.368744	3.095165	-3.929134	-1.690869	3.814381	-3.798670
0.356836	-5.198942	-2.563186	0.445087	-5.704847	-1.956502
1.816068	-0.427962	4.181071	1.315042	-1.020027	3.823851
1.315042	-1.020027	3.823851	1.332448	-1.866474	3.863718
2.535501	-0.957497	-5.643875	2.092422	-1.492981	-5.360383
-2.932557	-3.689590	1.382495	-3.359165	-3.421703	0.745962
-0.980137	-3.252891	1.654425	-1.677395	-3.195413	1.968054
5.307004	5.433804	-0.707302	4.602605	5.820292	-0.872794
4.064696	3.747289	-0.571301	4.280870	4.368542	-0.723415
5.247128	3.717512	-3.165591	5.161366	2.960793	-3.124554
3.483002	2.415050	-5.484734	3.044500	2.657266	-4.848542
4.835317	2.282675	5.646394	5.426481	1.960883	5.899355
4.949182	-3.567368	1.964908	4.807415	-2.983250	1.451600
3.733228	-0.531256	0.152126	3.666369	-1.276925	0.245955
4.949182	-3.567368	1.964908	5.479111	-4.118507	1.730611
0.430138	0.674484	0.432038	-0.182441	0.161385	0.697992
-0.197735	0.381904	2.117222	0.554601	0.128231	2.137753
-1.143608	4.328518	-3.544871	-1.348598	4.395698	-2.825233
2.027012	2.999282	2.173205	1.554221	3.274054	2.775210
-3.228180	-2.397164	-2.817293	-3.832013	-2.370870	-3.453571
5.533650	-0.344618	-2.272969	5.176968	-0.131250	-2.932967
2.220733	-4.661170	4.989008	2.068020	-5.447383	5.149343
-4.103526	-1.782882	2.074712	-3.529414	-2.126303	2.534673
3.273085	4.264457	-1.033524	2.814208	3.729690	-1.399332
2.708879	4.685358	0.432000	3.233205	5.230566	0.720731
1.928052	4.841017	0.243264	1.282451	4.968976	0.698605
-3.003434	2.497698	-0.984211	-2.348033	2.479640	-0.478859
-3.003434	2.497698	-0.984211	-3.709983	2.925279	-0.992433
-4.958103	-2.641749	2.137672	-5.262032	-2.830789	1.432376
-5.261794	-0.617939	-0.312587	-5.935113	-0.560725	0.121848
-3.587854	-5.125641	3.501654	-3.171101	-5.748812	3.178614
-3.739267	-2.075989	-4.209824	-4.026235	-1.324217	-4.411595
-5.375792	-2.889712	4.961895	-4.847982	-3.311338	5.450215
-0.693705	3.998251	-5.553982	-0.461213	3.315648	-5.801058
-1.725860	2.063799	-5.624057	-1.983908	2.710700	-6.062644
3.525291	-4.674198	3.875540	3.489533	-5.370059	4.324935
3.525291	-4.674198	3.875540	3.746880	-3.927516	4.137590
-2.618352	-5.488638	2.060810	-2.840459	-5.859404	1.434140
-1.434191	-3.012508	3.411521	-0.722736	-3.529741	3.472110
-2.250662	-3.206304	4.579587	-1.898690	-2.736134	4.035752
-2.516554	-0.677464	2.874280	-2.694045	-1.368108	3.135270
2.973917	-4.228466	-4.953616	2.728427	-4.936967	-4.743918
4.197039	-5.292825	2.284915	3.806351	-4.625757	2.571720
-3.945930	5.028133	-3.632249	-3.715620	5.409505	-2.917336
-4.484189	4.409221	-3.572025	-3.945930	5.028133	-3.632249
-4.142748	-0.033488	1.131121	-4.558840	-0.641108	1.440715
-4.142748	-0.033488	1.131121	-4.086957	-0.128500	0.270403
5.163133	-4.440885	-5.360408	4.627482	-4.444395	-5.920801
5.676196	2.363880	-3.274191	5.161366	2.960793	-3.124554
-3.802319	3.295829	-3.130491	-4.114458	3.032531	-2.458603
-4.013990	4.775857	2.738424	-3.761001	4.702315	1.990373
-5.311645	0.765320	-4.172401	-4.887668	1.116440	-4.745732
-5.311645	0.765320	-4.172401	-5.996544	1.152380	-4.015071
-2.863348	0.149662	4.032023	-3.399780	0.041099	3.437948
3.529960	-5.694724	-3.226116	4.005215	-5.198323	-2.876863
2.648927	-1.139527	-1.331247	2.937421	-1.742453	-0.796823
1.425748	-2.598845	2.081925	1.015506	-2.235887	1.544000
-2.508174	-4.719749	2.059015	-1.779846	-4.554848	2.148106
-1.779846	-4.554848	2.148106	-1.850151	-4.305491	1.504428
-2.506553	5.593358	2.718058	-2.618352	5.951362	2.060810
-5.234449	-2.030306	-0.458491	-5.843890	-2.532860	-0.264649
-5.234449	-2.030306	-0.458491	-5.339740	-1.264580	-0.759339
-1.044328	5.512124	2.939058	-0.858214	5.392421	3.649236
-0.067315	4.324466	1.693013	-0.872944	4.333759	1.702515
2.561494	-4.542465	3.012241	2.225321	-4.019895	3.525549
3.144218	-3.750299	4.589442	3.746880	-3.927516	4.137590
-4.769966	-3.231268	0.929340	-4.045776	-2.994250	0.682891
-3.893800	-4.490647	2.204688	-4.491966	-4.616774	1.606938
3.664792	4.745939	-4.983680	4.372081	4.299833	-5.189289
4.019559	3.939470	5.086936	4.658369	4.108714	4.658093
0.639068	4.510738	-5.306312	1.063177	4.249608	-5.904765
0.878312	1.891653	-4.428345	0.783291	1.803205	-5.240830
0.878312	1.891653	-4.428345	1.531360	1.639116	-4.035874
0.040688	1.732167	-3.391131	-0.698060	1.611865	-3.384734
2.093870	2.750351	-3.198032	2.042872	3.424828	-3.193390
-4.606165	4.472336	4.924687	-5.007303	4.436215	4.221939
-2.871734	-4.510163	4.616005	-2.868006	-3.713930	4.431381
-0.592287	4.645823	-3.922990	-0.142281	4.162170	-4.333166
0.639068	4.510738	-5.306312	0.952956	5.071479	-4.861839
-1.075213	1.949166	-1.941408	-1.099114	2.493655	-2.505076
-3.128110	3.135468	-3.108390	-2.885098	2.411759	-3.023554
1.852272	-1.155710	1.335167	2.469832	-0.878668	1.739455
0.052887	-0.899137	-4.752432	-0.272846	-0.269735	-4.919340
1.709744	-4.174357	-3.562671	1.975929	-3.745582	-4.178041
0.328050	-2.799516	-3.469637	0.780845	-2.141321	-3.670730
-5.159226	-5.519221	-4.635252	-5.618578	-5.694605	-5.258338
-5.684667	4.992599	-3.865212	-5.237859	4.537066	-3.398616
1.489058	0.014187	4.817236	1.910570	0.230874	5.431507
5.274914	-0.933444	-4.122516	5.546893	-0.360514	-3.635858
5.351053	1.149978	-5.361724	5.666545	0.531896	-5.804998
0.931755	4.941403	-4.044443	0.405462	5.495429	-3.731232
3.764970	-4.395221	-2.816479	4.005215	-5.198323	-2.876863
0.783953	0.315444	4.879192	0.280755	0.565257	5.512374
0.783953	0.315444	4.879192	1.489058	0.014187	4.817236
3.406851	4.952941	-4.308108	3.664792	4.745939	-4.983680
2.601207	-5.423075	-5.316611	2.728427	-4.936967	-4.743918
2.057006	-0.003605	-2.457506	1.928846	0.613810	-1.918001
2.064368	0.392055	-4.327032	2.782239	0.650357	-4.340187
-1.397070	5.057269	-2.387371	-1.348598	4.395698	-2.825233
0.780845	-2.141321	-3.670730	0.773907	-1.345251	-3.582891
0.780845	-2.141321	-3.670730	1.414091	-2.259386	-4.129191
-1.304940	3.995419	5.546725	-1.399755	4.489934	4.970262
0.203516	-3.033939	-2.798366	0.497349	-3.820842	-2.762412
-3.626738	0.731520	-2.148015	-4.176959	1.301138	-1.949456
5.533650	-0.344618	-2.272969	6.219195	0.021327	-2.116646
-2.605475	-0.552366	-3.146592	-2.773506	0.179267	-2.927182
1.348517	-3.363522	-4.455147	0.679536	-3.741572	-4.306320
3.837915	-3.868727	-3.410701	3.293335	-3.482200	-3.880874
-5.016925	0.573632	5.541530	-5.773455	0.531896	5.635002
-1.915948	-0.780958	-4.458329	-1.727568	-1.430827	-4.828024
2.546343	-5.261790	-4.041829	3.135486	-5.799547	-3.876785
-3.893800	-4.490647	2.204688	-4.110636	-4.686235	2.973592
-0.980137	-3.252891	1.654425	-0.725928	-3.659785	2.234772
-4.343375	-5.199561	0.999732	-4.380016	-4.935845	0.250185
1.657746	3.631084	5.632687	1.063177	4.249608	5.535235
3.791501	-0.157784	5.629108	3.722777	0.348512	6.224002
3.898869	0.035907	-3.288981	4.502536	0.301592	-2.971767
-5.234449	-2.030306	-0.458491	-4.473717	-2.269445	-0.361444
-5.538085	-1.240942	-1.530926	-5.024786	-1.602157	-2.005501
-5.138474	-4.795321	0.276170	-5.725136	-5.342273	0.544272
0.302882	4.035060	1.026755	0.603331	4.587019	0.489686
-0.732710	0.310307	-3.694314	-0.800299	-0.018550	-4.386663
-0.732710	0.310307	-3.694314	-0.313870	0.101942	-3.056643
-1.080853	3.264774	-2.285816	-0.444402	3.358837	-1.861987
-5.691640	0.994899	0.217056	-5.583392	1.465371	0.763795
2.571991	2.323385	-0.096975	3.006100	1.668050	-0.000019
4.178565	0.579950	-1.263149	3.489219	0.960483	-1.358297
0.634981	-0.545114	2.581921	0.554601	0.128231	2.137753
-0.182441	0.161385	0.697992	-0.746889	-0.228771	0.268449
4.272555	5.428423	-1.424879	4.679885	5.360339	-2.069464
5.307004	5.433804	-0.707302	5.886582	5.353686	-1.257277
-0.132385	1.123845	-0.851707	-0.736180	0.641484	-0.988786
-0.488522	2.953069	-0.580258	0.132513	2.625661	-0.201544
2.225321	-4.019895	3.525549	2.351286	-3.289319	3.699513
3.746880	-3.927516	4.137590	4.385836	-3.403200	3.988978
3.975398	0.835049	1.971207	4.196894	1.507794	1.692019
3.552165	1.029150	2.650525	3.975398	0.835049	1.971207
-5.262032	-2.830789	1.432376	-4.769966	-3.231268	0.929340
5.412953	-5.263533	-2.739386	5.671906	-5.204655	-3.454807
-5.553418	5.353686	-1.257277	-5.325324	4.556665	-1.446462
5.351053	1.149978	-5.361724	5.426481	1.960883	-5.540645
5.004002	0.149532	4.612912	5.268185	0.082256	3.832855
4.829469	1.906106	4.894873	5.373196	1.945812	4.274615
2.860226	0.684695	2.850402	2.403300	0.503528	2.229739
4.833269	3.139398	2.843651	5.476436	2.726690	2.700331
2.634832	-2.429738	4.740453	1.937353	-2.260747	4.996584
3.552165	1.029150	2.650525	2.860226	0.684695	2.850402
-2.995894	0.615591	-1.713053	-2.720845	1.297289	-1.798040
0.329383	2.230413	-3.957809	0.878312	1.891653	-4.428345
-3.387261	2.421818	1.765994	-3.977390	2.037833	1.453708
-3.276688	4.515247	3.869376	-3.460010	5.021098	3.293780
-0.858214	5.392421	3.649236	-0.860630	5.940987	4.211407
-0.487753	-4.083383	4.057449	-0.722736	-3.529741	3.472110
-1.399755	4.489934	4.970262	-1.270883	4.232591	4.216888
1.765841	-2.032312	5.687215	2.092422	-1.492981	6.079617
1.765841	-2.032312	5.687215	1.172589	-2.420671	6.000221
4.259175	-0.288883	-0.360766	3.733228	-0.531256	0.152126
4.978879	-0.003700	-0.091910	4.259175	-0.288883	-0.360766
-4.763533	1.181746	-1.408368	-4.876784	1.383799	-0.637282
-1.109614	4.214449	-0.211374	-0.687839	4.654489	-0.745817
3.429892	3.959146	-0.336616	4.064696	3.747289	-0.571301
2.812655	-4.459127	-1.870671	2.648895	-5.263648	-1.576658
-0.370874	-4.901644	4.242243	-0.487753	-4.083383	4.057449
-3.404838	-2.535684	-4.796252	-3.739267	-2.075989	-4.209824
-5.351548	-1.436894	-4.928928	-4.589103	-1.176547	-4.967472
5.714864	-5.342273	0.544272	5.641922	-6.100485	0.478691
-5.145756	-3.812200	0.788303	-5.499631	-4.162985	0.190946
-5.029969	0.754326	-0.210827	-5.691640	0.994899	0.217056
3.342622	5.347324	3.935319	3.489533	6.069941	4.324935
2.092422	-1.492981	-5.360383	1.928195	-1.493249	-4.606543
1.315042	-1.020027	3.823851	0.716325	-0.606753	3.382958
-5.679103	4.815188	4.336351	-5.862477	5.418636	4.000907
5.145548	-4.911341	0.970765	5.178897	-4.790125	1.665967
-4.396281	-0.229889	4.734800	-4.540340	-0.519294	4.051309
-4.540340	-0.519294	4.051309	-4.124803	0.068969	3.690518
2.284429	0.277485	-1.312907	2.842379	0.722796	-0.956232
1.775214	-0.625088	0.069086	1.811859	0.085950	0.398834
-4.614323	-3.933767	-3.543622	-5.182527	-4.172737	-3.074776
-4.271138	-0.692236	-5.518868	-4.100417	0.105749	-5.374543
-5.133302	-3.202215	-4.643844	-4.610291	-3.235993	-5.278717
-4.847982	-3.311338	5.450215	-4.610291	-3.235993	6.161283
4.501387	4.706777	3.566789	4.523591	3.949057	3.940356
3.144218	-3.750299	4.589442	2.758491	-3.143238	4.430864
-5.567280	2.128217	0.291390	-5.583392	1.465371	0.763795
-5.261794	-0.617939	-0.312587	-4.780311	0.020504	-0.094063
-0.646957	-2.746853	-1.717535	-0.769175	-3.493027	-1.517863
0.463321	-2.202180	-1.993076	0.372725	-1.419304	-1.854185
-0.769175	-3.493027	-1.517863	-1.150859	-4.066621	-1.886632
3.234669	-1.223486	5.459316	3.887885	-0.925880	5.748459
0.055082	-3.224816	-4.089049	-0.622446	-3.205133	-4.487759
-3.327325	-4.182541	-3.238379	-3.397238	-4.688405	-2.651364
-3.158397	-5.435824	-2.869822	-3.397238	-4.688405	-2.651364
-3.976461	-4.525996	-4.467841	-3.918123	-4.238516	-3.754335
4.287440	2.842823	-2.121045	3.651846	3.344499	-2.172408
-1.772418	-1.057344	0.874993	-1.540987	-0.297389	0.580998
-4.343375	-5.199561	0.999732	-4.491966	-4.616774	1.606938
-3.977390	2.037833	1.453708	-4.357630	2.531471	0.980930
-5.124635	2.717366	3.547196	-4.743156	3.374090	3.334924
3.512985	5.033931	-1.389135	3.273085	4.264457	-1.033524
-3.202732	-1.117642	-0.194934	-3.094033	-1.462092	0.446232
-3.202732	-1.117642	-0.194934	-3.415089	-0.370525	-0.154793
0.629038	-5.375797	-3.299776	0.405462	-5.944571	-3.731232
2.452499	2.584791	-0.825321	2.571991	2.323385	-0.096975
-1.435349	0.195300	-5.535685	-0.834580	-0.096140	-6.005983
0.599777	-0.952126	1.938016	0.634981	-0.545114	2.581921
0.599777	-0.952126	1.938016	-0.091819	-0.801593	1.559547
-0.155082	-4.935269	0.565322	-0.845058	-5.128521	0.906610
5.406471	1.620896	-3.330844	5.443456	1.152380	-4.015071
-0.765604	5.545146	1.205580	-1.054580	4.817982	1.070577
1.191921	3.002481	4.578769	1.377897	2.904947	5.358297
1.270937	1.927250	2.932462	0.524372	2.122595	3.007595
-1.730119	3.647751	3.873378	-1.270883	4.232591	4.216888
-3.228180	-2.397164	-2.817293	-3.126673	-1.665966	-2.496846
-3.397238	-4.688405	-2.651364	-3.697519	-4.460492	-1.884341
-3.976461	-4.525996	-4.467841	-3.555889	-4.012305	-4.932254
-0.858214	5.392421	3.649236	-0.660998	4.616589	3.826030
0.933117	4.583126	4.715998	1.063177	4.249608	5.535235
-0.660998	4.616589	3.826030	-1.270883	4.232591	4.216888
2.060769	-3.683112	-1.108430	2.229891	-3.910372	-1.875705
-3.893800	-4.490647	2.204688	-3.193535	-4.246647	1.904198
2.229891	-3.910372	-1.875705	2.812655	-4.459127	-1.870671
1.377897	2.904947	5.358297	1.227128	2.164301	5.654110
4.372081	4.299833	-5.189289	4.225084	3.602291	-5.660278
1.557537	2.752040	3.941359	1.932660	3.267423	3.507754
-2.093078	1.735109	-0.128170	-1.946390	1.082583	-0.482915
-2.328295	-5.277765	-0.669284	-2.896356	-5.767774	-0.784729
-2.069522	-5.578089	-3.807949	-1.387739	-5.147229	-3.741606
-3.093802	-4.455491	-0.014326	-2.965598	-3.708451	0.103335
-0.601436	-5.574034	2.375969	-0.433948	-4.861709	2.221932
-0.822403	-2.552771	-4.847396	-0.622446	-3.205133	-4.487759
-0.959394	2.175708	-5.602409	-0.693091	2.810043	-5.205970
-4.692708	2.281002	4.740445	-5.310272	2.317770	4.213116
-2.928070	4.858519	-0.797377	-2.896356	5.672226	-0.784729
1.159817	-1.357114	-0.897794	1.371972	-2.113753	-1.096371
5.250408	-3.948480	-4.698364	5.163133	-4.440885	-5.360408
-5.602219	4.453703	5.491591	-6.093222	4.406750	4.863366
-0.375475	-0.404597	-2.406227	-0.313870	0.101942	-3.056643
-2.334727	-0.678217	-1.857280	-2.728675	-0.035490	-1.366861
-2.428650	-0.577961	-3.905472	-2.605475	-0.552366	-3.146592
1.297469	-2.725372	-4.757796	1.172589	-2.420671	-5.439779
1.297469	-2.725372	-4.757796	1.414091	-2.259386	-4.129191
1.297469	-2.725372	-4.757796	1.348517	-3.363522	-4.455147
0.388421	2.790461	2.610532	-0.135801	2.736496	2.065144
2.708879	4.685358	0.432000	2.960647	3.959267	0.270923
-4.013990	4.775857	2.738424	-3.460010	5.021098	3.293780
1.766069	4.162767	-3.071586	2.042872	3.424828	-3.193390
2.779339	3.415394	-4.854104	2.411704	3.749638	-5.504054
3.215498	2.939983	-3.022729	3.014435	2.982562	-2.306748
-0.375475	-0.404597	-2.406227	-0.917866	-0.498753	-1.741933
-0.375475	-0.404597	-2.406227	0.261192	-0.900772	-2.377404
-1.368951	-5.545783	4.809853	-0.860630	-5.499013	4.211407
-0.826256	-0.546307	4.733243	-0.647089	-0.361454	3.927126
-2.343779	2.080041	2.354201	-2.222118	1.307981	2.499499
-0.743167	-2.701069	-5.649051	-0.822403	-2.552771	-4.847396
-1.994211	-3.933328	-3.594585	-1.858903	-3.811699	-4.359383
-2.516554	-0.677464	2.874280	-1.689183	-0.773428	2.796240
-2.361932	0.774843	3.848957	-2.475235	1.215825	4.472190
-0.428786	-1.371598	-5.156288	0.052887	-0.899137	-4.752432
3.069201	0.784430	-5.087099	2.825795	1.235038	-5.670533
3.887885	-0.925880	-5.691541	3.791501	-0.157784	-5.810892
4.228531	1.370254	4.774892	3.484245	1.668413	4.754827
-3.421194	3.214083	3.249049	-4.088248	3.361514	2.851759
-3.021669	-0.067755	2.740102	-3.160873	0.429330	2.059373
-1.927543	2.713927	2.000426	-2.343779	2.080041	2.354201
-4.176797	-0.116032	-2.933468	-4.579198	-0.437917	-2.350013
-3.595153	-1.868845	-1.237963	-3.725525	-1.532130	-1.940638
-4.914654	2.019452	-0.112209	-4.483981	2.561422	0.148145
-3.795598	4.617394	-1.756744	-3.970153	5.250252	-2.167188
-3.795598	4.617394	-1.756744	-3.019507	4.687046	-1.552185
5.685635	4.460250	-2.049784	6.114676	4.556665	-1.446462
-3.715620	5.409505	-2.917336	-3.970153	5.250252	-2.167188
-5.679103	4.815188	4.336351	-6.093222	4.406750	4.863366
-1.097675	0.977950	-3.545655	-0.698060	1.611865	-3.384734
-1.387140	3.147179	2.223321	-1.364542	3.955700	2.237274
1.611680	2.635843	0.982937	2.284379	2.740713	0.520402
0.477948	5.113626	1.832192	1.078526	5.422693	1.325021
3.076366	3.120994	1.310231	3.763980	2.745698	1.292843
-3.327325	-4.182541	-3.238379	-3.918123	-4.238516	-3.754335
-4.923064	-3.003980	-1.934806	-5.042209	-2.279187	-2.361503
-2.685651	1.951153	4.370805	-2.153937	2.491397	4.608675
-0.725928	-3.659785	2.234772	-1.025983	-4.370495	2.206579
-5.184988	0.976485	3.336405	-4.610103	0.699365	3.719219
-4.610103	0.699365	3.719219	-4.124803	0.068969	3.690518
5.373196	1.945812	4.274615	6.129728	2.317770	4.213116
5.596110	-2.532860	-0.264649	5.313824	-2.274217	0.411558
4.364022	-3.024032	3.206807	4.161509	-2.224041	3.135778
0.524372	2.122595	3.007595	0.388421	2.790461	2.610532
2.815735	0.932413	-0.190744	2.842379	0.722796	-0.956232
2.815735	0.932413	-0.190744	2.617008	0.338431	0.277518
5.283816	-2.837907	5.115486	5.289743	-2.317687	5.703990
-3.795598	4.617394	-1.756744	-4.168239	4.056763	-1.530588
-4.114458	3.032531	-2.458603	-4.436529	2.471048	-2.756229
2.549591	3.643898	3.745163	1.932660	3.267423	3.507754
3.208869	1.699861	4.086921	2.544511	1.251977	3.918100
-5.698554	4.259972	-2.807179	-5.237859	4.537066	-3.398616
-2.629195	-3.684395	-3.154049	-1.994211	-3.933328	-3.594585
-3.613894	5.241688	-4.415963	-2.886475	5.017932	-4.460602
-4.584314	-3.889511	5.010222	-4.216042	-3.544642	4.438463
-4.029004	-5.172805	4.978204	-4.667320	-4.663526	5.043719
2.648927	-1.139527	-1.331247	2.744413	-1.143331	-2.114039
3.955217	-1.716259	-2.612848	3.444927	-2.130705	-2.228166
2.648927	-1.139527	-1.331247	2.148838	-0.532624	-1.073454
4.308132	-1.446717	2.904689	4.161509	-2.224041	3.135778
5.195895	-0.665222	3.520116	4.450857	-0.965466	3.502703
-3.387261	2.421818	1.765994	-3.076384	2.341580	2.529348
-4.098351	-2.301309	0.358032	-3.765967	-1.668886	0.775875
-2.251905	-1.766672	-0.764987	-3.030936	-1.629403	-0.801277
-3.202732	-1.117642	-0.194934	-3.030936	-1.629403	-0.801277
-4.579198	-0.437917	-2.350013	-4.368233	-1.135734	-2.097238
1.770811	2.582132	-1.193920	1.253130	3.017536	-0.814448
0.280755	0.565257	5.512374	0.259568	1.369785	5.760412
1.372157	1.386399	4.556217	1.582037	1.560703	5.317176
1.087506	-2.863724	2.736779	1.425748	-2.598845	2.081925
0.058669	4.472341	-0.756328	-0.687839	4.654489	-0.745817
2.284379	2.740713	0.520402	2.571991	2.323385	-0.096975
-0.845058	-5.128521	0.906610	-1.568715	-4.823618	1.038132
-1.651533	2.471362	-3.560770	-2.371089	2.080854	-3.535570
-2.591229	-4.883377	-5.576377	-2.452625	-5.650036	-5.321336
5.160407	1.459679	3.592231	5.549482	0.784712	3.584027
5.160407	1.459679	3.592231	4.655410	1.600355	2.989833
5.677135	-5.048138	-5.612294	5.163133	-4.440885	-5.360408
3.337413	5.110576	-2.784088	2.768851	4.984119	-2.385505
2.098250	-1.966092	-4.083799	1.414091	-2.259386	-4.129191
-5.409364	-4.246371	-2.301797	-5.480157	-5.010441	-2.189701
2.771292	-1.849422	-2.408206	2.359013	-2.282774	-2.779570
2.288644	2.581600	-2.403071	1.859153	2.141320	-1.861640
-0.435235	2.807437	-1.332452	-0.488522	2.953069	-0.580258
2.691973	-0.132123	1.819093	2.469832	-0.878668	1.739455
-4.088248	3.361514	2.851759	-4.158556	3.505609	2.007819
-4.011511	3.316539	-1.715415	-4.168239	4.056763	-1.530588
1.348517	-3.363522	-4.455147	1.975929	-3.745582	-4.178041
1.792219	-2.681783	-2.357384	2.359013	-2.282774	-2.779570
-5.154650	0.088141	-3.818083	-5.893107	-0.360514	-3.635858
-5.220805	0.021327	-2.116646	-5.336929	0.739586	-1.804820
-5.257733	2.192520	-5.413035	-6.013519	1.960883	-5.540645
-3.578206	5.279853	1.480293	-4.188985	5.497507	1.050415
-5.574597	4.433518	1.565997	-5.346340	4.868010	0.941672
-3.404838	-2.535684	-4.796252	-2.707436	-2.407501	-5.160358
0.462171	-1.295565	-1.032301	-0.110018	-1.174225	-0.561166
-0.240753	-3.516181	2.872040	-0.722736	-3.529741	3.472110
-2.250662	-3.206304	4.579587	-1.982094	-3.151872	5.328124
-2.032224	-2.054409	2.488770	-1.710605	-2.767297	2.625136
-4.121292	-1.367238	1.411599	-4.558840	-0.641108	1.440715
-4.940926	-1.169168	3.786544	-4.540340	-0.519294	4.051309
5.262782	-3.319597	-1.527446	5.926861	-3.565215	-1.921743
3.734074	5.496778	2.087183	3.271084	5.597809	1.434624
4.528105	-4.573432	0.591631	5.145548	-4.911341	0.970765
4.225084	3.602291	-5.660278	4.222044	2.798221	-5.642864
1.539256	1.377936	-1.944722	1.859153	2.141320	-1.861640
-5.336929	0.739586	-1.804820	-6.093432	1.031755	-1.922686
-2.428650	-0.577961	-3.905472	-3.071857	-0.223264	-4.258653
-3.094033	-1.462092	0.446232	-2.319564	-1.495719	0.488572
-3.094033	-1.462092	0.446232	-3.765967	-1.668886	0.775875
-4.978284	2.441292	-3.359410	-4.698047	2.500060	-4.175489
-4.978284	2.441292	-3.359410	-4.436529	2.471048	-2.756229
-4.396281	-0.229889	4.734800	-4.620404	0.561116	4.894732
-2.475235	1.215825	4.472190	-2.375240	0.814774	5.165640
-4.807537	4.567538	2.852515	-4.013990	4.775857	2.738424
-4.110636	-4.686235	2.973592	-4.866468	-4.429541	3.179296
-1.568715	-4.823618	1.038132	-2.136602	-5.174327	0.605141
3.422208	-2.045235	3.432814	3.433202	-1.584231	4.096386
2.585245	-0.106131	4.021153	2.663812	0.568051	3.589793
2.469832	-0.878668	1.739455	2.881375	-1.467734	2.011111
5.689714	-2.076556	-3.532236	5.736070	-1.560012	-4.177652
-0.740830	-2.333304	-0.598694	-1.086204	-2.215754	-1.344604
-2.204508	3.971095	3.352778	-2.981012	3.870321	3.490685
-2.204508	3.971095	3.352778	-1.730119	3.647751	3.873378
-4.491966	-4.616774	1.606938	-5.222939	-4.233812	1.489123
-4.119260	-2.459285	-1.031949	-4.473717	-2.269445	-0.361444
-1.348598	4.395698	-2.825233	-1.592804	3.767291	-2.491091
-1.099114	2.493655	-2.505076	-1.132834	2.184892	-3.150424
-1.592804	3.767291	-2.491091	-2.290160	4.004231	-2.563489
0.488444	0.461409	4.211952	0.173947	-0.196453	3.820165
-0.826256	-0.546307	4.733243	-0.834580	-0.096140	5.434017
1.202895	-2.350648	-1.871126	1.792219	-2.681783	-2.357384
-0.763521	-3.117830	-0.351185	-0.740830	-2.333304	-0.598694
3.783539	4.846981	2.571525	3.786866	5.004678	3.351329
-5.426187	-4.814652	5.121999	-4.667320	-4.663526	5.043719
-4.289350	3.183669	-4.339009	-4.210265	3.653607	-3.696786
-0.272846	-0.269735	-4.919340	-0.800299	-0.018550	-4.386663
-0.559316	2.255403	0.757001	-0.147131	2.706949	1.303388
4.188741	-1.619221	0.698245	3.666369	-1.276925	0.245955
-5.042209	-2.279187	-2.361503	-5.149774	-2.300321	-3.096991
4.245549	0.553491	-4.623487	4.970130	0.935037	-4.652436
4.036481	-0.960460	-2.366522	4.516610	-0.686085	-1.762818
4.798263	-3.121265	-2.901097	4.673047	-3.276650	-2.048466
3.331320	0.835224	-3.863102	3.942300	0.365924	-3.916754
4.036481	-0.960460	-2.366522	3.955217	-1.716259	-2.612848
4.516610	-0.686085	-1.762818	4.319477	-0.212243	-1.145681
5.250677	-0.870227	5.668516	5.509533	-1.553157	5.886839
2.220733	-4.661170	4.989008	2.911970	-4.221936	5.155921
2.629958	-2.092451	2.360617	2.762957	-2.269845	3.079806
-4.692708	2.281002	4.740445	-4.813324	2.644148	5.482676
5.075606	-2.532318	-4.989604	5.289743	-2.317687	-5.736010
5.176968	-0.131250	-2.932967	4.502536	0.301592	-2.971767
5.178207	-4.039995	-3.937301	4.639096	-3.711119	-3.465789
0.773907	-1.345251	-3.582891	0.696762	-1.021639	-4.307429
-2.724250	3.946393	-5.665814	-2.847333	4.599475	-6.179217
-5.691640	0.994899	0.217056	-6.249302	0.710482	-0.081406
5.285011	-0.949852	0.687855	5.504887	-0.560725	0.121848
4.819141	1.731163	2.152555	4.655410	1.600355	2.989833
-1.927722	0.840034	3.127905	-1.248717	0.443346	3.030020
4.272555	5.428423	-1.424879	4.602605	5.820292	-0.872794
5.251173	2.644430	0.382855	4.685828	2.577405	-0.182338
2.814208	3.729690	-1.399332	2.234275	4.143411	-1.701008
5.388520	-3.211078	-0.719915	5.596110	-2.532860	-0.264649
0.638213	-4.846542	5.219618	0.396211	-5.081207	4.523020
2.023400	5.381443	4.565209	1.250612	5.293914	4.455419
4.188741	-1.619221	0.698245	4.944119	-1.646638	0.581486
3.955217	-1.716259	-2.612848	4.309312	-2.095267	-3.211875
-0.240753	-3.516181	2.872040	-0.725928	-3.659785	2.234772
4.835317	2.282675	5.646394	4.829469	1.906106	4.894873
4.024561	4.312060	-3.466256	4.793302	4.210047	-3.622886
0.524513	-2.451500	5.545746	1.172589	-2.420671	6.000221
0.484302	-3.518552	4.854224	0.765124	-2.807144	4.917191
-1.849084	1.574129	0.670071	-2.147970	0.921039	1.085195
-3.836068	0.559936	1.602517	-4.177340	1.308401	1.654368
-0.786238	2.254908	3.078586	-0.795056	2.731706	2.441875
5.406471	1.620896	-3.330844	5.093238	1.266119	-2.676575
-0.513142	-0.533688	-0.429818	-0.746889	-0.228771	0.268449
-1.611119	-0.911749	-1.643479	-1.630720	-1.655036	-1.268045
3.342622	5.347324	3.935319	3.786866	5.004678	3.351329
5.714864	-5.342273	0.544272	5.145548	-4.911341	0.970765
4.005215	-5.198323	-2.876863	4.696016	-5.514755	-2.570753
-4.598997	-2.610868	-3.452787	-3.832013	-2.370870	-3.453571
-4.119260	-2.459285	-1.031949	-4.201908	-3.083616	-1.559274
1.089565	3.760163	-1.081294	1.253130	3.017536	-0.814448
-1.075213	1.949166	-1.941408	-0.397469	2.080809	-1.575579
0.783291	1.803205	-5.240830	0.259568	1.369785	-5.679588
-1.652862	5.226336	5.062763	-1.399755	4.489934	4.970262
1.089565	3.760163	-1.081294	0.428854	4.018935	-1.272670
2.284379	2.740713	0.520402	2.770854	3.317083	0.661456
-0.068667	-2.711740	-2.196387	0.203516	-3.033939	-2.798366
-0.601436	-5.574034	2.375969	-1.044328	-5.927876	2.939058
-2.506553	5.593358	2.718058	-1.808996	5.189110	2.809178
0.301606	-4.865469	-4.876555	0.681846	-5.119419	-5.479847
1.975929	-3.745582	-4.178041	2.769576	-3.819611	-4.364102
-4.698047	2.500060	-4.175489	-4.898224	1.932362	-4.711354
-0.629730	0.809925	2.692812	-1.248717	0.443346	3.030020
3.234381	-0.059824	0.620532	3.356762	-0.019813	1.380697
-5.513139	-3.565215	-1.921743	-5.409364	-4.246371	-2.301797
-2.410569	-3.392838	-0.409141	-2.380574	-3.686481	-1.235149
-3.832013	-2.370870	-3.453571	-3.739267	-2.075989	-4.209824
-2.888769	-4.280172	-5.191708	-2.351148	-3.734053	-4.950156
0.629038	-5.375797	-3.299776	0.356836	-5.198942	-2.563186
1.160512	0.500247	1.665481	1.734606	0.921353	2.044695
1.151805	0.418153	0.784407	1.160512	0.500247	1.665481
-1.916987	0.777926	-5.700379	-1.435349	0.195300	-5.535685
-3.990690	3.481752	-5.044014	-4.572976	3.412932	-5.667732
4.372081	4.299833	-5.189289	5.045060	4.595260	-4.934110
-3.224778	2.138452	-2.349138	-2.962955	1.978797	-1.633817
-3.802319	3.295829	-3.130491	-4.210265	3.653607	-3.696786
-2.301870	0.448583	-0.197671	-2.847924	0.000643	-0.560162
-5.016925	0.573632	5.541530	-4.620404	0.561116	4.894732
4.448271	2.758432	-2.874647	4.287440	2.842823	-2.121045
0.715597	1.410360	-2.052685	0.128635	1.518166	-1.510501
0.715597	1.410360	-2.052685	0.388796	1.302690	-2.815052
-0.017290	-4.464114	-2.636088	0.356836	-5.198942	-2.563186
-4.484189	4.409221	-3.572025	-5.237859	4.537066	-3.398616
-4.394560	-5.231185	-4.693857	-3.968900	-5.809461	-5.043252
-0.370874	-4.901644	4.242243	-0.860630	-5.499013	4.211407
3.532721	-5.299803	5.154705	3.162268	-5.797665	5.686920
0.979872	-5.442790	4.141330	1.214226	-4.973119	3.554626
3.234669	-1.223486	5.459316	2.535501	-0.957497	5.796125
2.535501	-0.957497	-5.643875	2.105167	-0.288405	-5.503654
-0.769989	5.131238	-2.060545	0.010193	5.063983	-2.195183
0.689091	-4.530734	-4.331275	0.679536	-3.741572	-4.306320
-5.416314	2.290188	2.986898	-5.963564	2.726690	2.700331
5.250677	-0.870227	5.668516	5.292106	-0.126038	5.295001
-0.088549	1.964644	0.173794	-0.559316	2.255403	0.757001
0.132513	2.625661	-0.201544	-0.088549	1.964644	0.173794
-1.075213	1.949166	-1.941408	-1.541394	1.378111	-1.750246
-5.138474	-4.795321	0.276170	-5.499631	-4.162985	0.190946
3.907620	1.976104	1.095406	4.196894	1.507794	1.692019
-1.441048	4.619395	0.409120	-2.197763	4.875126	0.388878
2.403300	0.503528	2.229739	1.734606	0.921353	2.044695
1.372157	1.386399	4.556217	1.884503	1.497929	4.066353
-0.147131	2.706949	1.303388	0.363609	3.275346	0.976947
2.196807	-2.666780	3.370408	2.762957	-2.269845	3.079806
3.234381	-0.059824	0.620532	2.617008	0.338431	0.277518
2.842379	0.722796	-0.956232	3.489219	0.960483	-1.358297
-1.150859	-4.066621	-1.886632	-1.741528	-4.255594	-1.401901
-1.692358	-5.004398	-1.022702	-1.741528	-4.255594	-1.401901
4.450857	-0.965466	3.502703	4.308132	-1.446717	2.904689
5.509533	-1.553157	-5.553161	5.289743	-2.317687	-5.736010
1.334399	-5.311086	1.506969	0.754470	-4.808479	1.395990
-5.602219	4.453703	5.491591	-4.930146	4.052339	5.449039
5.483660	-4.722798	4.543211	5.019767	-4.158313	4.829618
-0.132385	1.123845	-0.851707	0.128635	1.518166	-1.510501
-0.397469	2.080809	-1.575579	0.128635	1.518166	-1.510501
-0.282339	-3.785393	4.713271	-0.487753	-4.083383	4.057449
-2.448086	3.925848	-3.852401	-1.690869	3.814381	-3.798670
-4.176959	1.301138	-1.949456	-4.763533	1.181746	-1.408368
-0.142281	4.162170	-4.333166	0.177536	3.675995	-3.802018
4.847938	1.011902	-1.242166	5.346568	1.031755	-1.922686
-0.192654	-2.231683	5.620590	0.524513	-2.451500	5.545746
-5.416314	2.290188	2.986898	-5.124635	2.717366	3.547196
-5.124635	2.717366	3.547196	-5.310272	2.317770	4.213116
1.884503	1.497929	4.066353	1.590361	2.019552	3.650964
3.764970	-4.395221	-2.816479	3.461203	-4.091921	-2.164990
2.771292	-1.849422	-2.408206	3.444927	-2.130705	-2.228166
1.708381	-2.592357	-0.607382	1.609670	-2.750077	0.169104
1.626859	-0.869670	-0.634882	2.148838	-0.532624	-1.073454
4.835317	2.282675	5.646394	4.222044	2.798221	5.797136
0.114448	1.216207	-0.046547	-0.088549	1.964644	0.173794
-1.541394	1.378111	-1.750246	-1.426620	1.038170	-1.072193
-2.090835	1.141984	-2.179142	-1.541394	1.378111	-1.750246
-2.362185	-3.067710	-5.406989	-1.982094	-3.151872	-6.111876
-0.265335	5.491559	1.802922	0.477948	5.113626	1.832192
1.611680	2.635843	0.982937	1.695071	2.355132	1.733971
-2.301870	0.448583	-0.197671	-1.946390	1.082583	-0.482915
-2.104464	-1.974842	4.235420	-1.744724	-1.553882	4.827544
-2.879042	0.274125	5.343836	-2.375240	0.814774	5.165640
3.806351	-4.625757	2.571720	3.975285	-3.996535	2.217129
1.939750	-5.560441	-5.520979	2.068020	-5.447383	-6.290657
2.098250	-1.966092	-4.083799	2.571359	-2.289003	-3.572599
3.764970	-4.395221	-2.816479	3.837915	-3.868727	-3.410701
1.766069	4.162767	-3.071586	1.199667	4.460813	-3.484400
-4.606165	4.472336	4.924687	-4.032623	4.877056	5.038566
2.937421	-1.742453	-0.796823	2.911149	-2.497998	-1.148911
2.800956	-0.418771	-2.510081	3.569103	-0.397626	-2.783310
1.775214	-0.625088	0.069086	2.019996	-1.159618	0.581485
-2.504349	-4.955431	0.036203	-2.328295	-5.277765	-0.669284
-3.836068	0.559936	1.602517	-3.160873	0.429330	2.059373
3.406851	4.952941	-4.308108	3.135486	5.640453	-3.876785
2.769576	-3.819611	-4.364102	3.293335	-3.482200	-3.880874
0.405462	5.495429	-3.731232	-0.370142	5.391340	-3.957840
4.377940	-5.016447	-0.415069	4.782445	-4.441285	-0.130535
-1.867260	2.711867	0.601715	-1.358313	2.115629	0.700344
-1.867260	2.711867	0.601715	-2.233432	2.826106	1.243448
-2.362185	-3.067710	-5.406989	-2.351148	-3.734053	-4.950156
-4.235257	3.076357	-0.366102	-4.431807	3.906406	-0.386483
4.528105	-4.573432	0.591631	4.782445	-4.441285	-0.130535
4.377940	-5.016447	-0.415069	4.602605	-5.619708	-0.872794
-1.670984	-1.356169	2.210130	-1.689183	-0.773428	2.796240
-0.438858	-1.778977	0.673619	-0.659509	-1.271514	1.262339
-3.918123	-4.238516	-3.754335	-4.614323	-3.933767	-3.543622
5.346568	1.031755	-1.922686	5.093238	1.266119	-2.676575
-4.057490	1.962596	-2.361633	-4.176959	1.301138	-1.949456
-0.980228	2.573897	3.834041	-1.640636	2.902453	4.099830
-0.693091	2.810043	-5.205970	-0.704185	2.946856	-4.406406
-1.808996	5.189110	2.809178	-1.802765	4.366410	2.790798
4.951848	4.663515	-1.880041	4.679885	5.360339	-2.069464
-4.120114	1.858271	4.376724	-4.411365	1.095269	4.374052
-0.438858	-1.778977	0.673619	-0.419550	-1.747622	-0.144619
-0.513142	-0.533688	-0.429818	-0.110018	-1.174225	-0.561166
-5.042209	-2.279187	-2.361503	-5.024786	-1.602157	-2.005501
-5.553418	5.353686	-1.257277	-5.159353	5.872514	-1.729758
-2.863348	0.149662	4.032023	-2.361932	0.774843	3.848957
-3.732218	-4.895875	-0.194402	-4.380016	-4.935845	0.250185
-3.626738	0.731520	-2.148015	-3.545385	0.255023	-2.702052
-3.126673	-1.665966	-2.496846	-2.700759	-1.010714	-2.510418
0.783291	1.803205	-5.240830	1.227128	2.164301	-5.785890
-5.547499	-5.692153	-3.958568	-5.768094	-5.204655	-3.454807
-5.456120	4.772734	2.368545	-5.867974	5.280219	2.776643
-3.276688	4.515247	3.869376	-2.981012	3.870321	3.490685
1.770811	2.582132	-1.193920	1.859153	2.141320	-1.861640
0.696762	-1.021639	-4.307429	1.453847	-0.838258	-4.531486
-0.147131	2.706949	1.303388	-0.135801	2.736496	2.065144
3.900456	1.618091	3.087081	4.655410	1.600355	2.989833
-5.351548	-1.436894	-4.928928	-5.703930	-1.560012	-4.177652
-4.598997	-2.610868	-3.452787	-5.149774	-2.300321	-3.096991
-4.913385	-1.897740	2.272328	-4.958103	-2.641749	2.137672
-0.552099	-1.605238	5.597749	-1.039345	-1.231333	5.025894
5.479111	-4.118507	1.730611	6.217061	-4.233812	1.489123
-3.545385	0.255023	-2.702052	-2.773506	0.179267	-2.927182
-1.887732	1.095721	-3.496217	-2.323249	1.501591	-3.974436
-1.097675	0.977950	-3.545655	-1.887732	1.095721	-3.496217
5.549482	0.784712	3.584027	5.268185	0.082256	3.832855
2.800956	-0.418771	-2.510081	2.057006	-0.003605	-2.457506
-4.887668	1.116440	-4.745732	-4.898224	1.932362	-4.711354
3.660744	-1.490238	1.882596	4.262388	-1.121015	2.225585
-2.839208	4.229597	-4.429538	-3.227487	3.842231	-5.075018
-1.878040	-2.830241	-0.053028	-1.137016	-2.988600	0.223059
0.634981	-0.545114	2.581921	0.716325	-0.606753	3.382958
1.910570	0.230874	5.431507	2.105167	-0.288405	5.936346
4.609034	-0.518649	1.766390	5.339271	-0.726190	1.463460
3.975398	0.835049	1.971207	4.064883	0.117941	1.739695
4.627482	-4.444395	5.519199	5.019767	-4.158313	4.829618
-4.589103	-1.176547	-4.967472	-4.026235	-1.324217	-4.411595
3.898602	-4.665635	5.511649	3.264098	-4.352094	5.813607
-5.184988	0.976485	3.336405	-5.138273	1.483000	2.745699
1.789600	-3.522069	-2.378101	1.792219	-2.681783	-2.357384
2.098250	-1.966092	-4.083799	1.928195	-1.493249	-4.606543
-1.191419	-0.314526	3.270532	-1.689183	-0.773428	2.796240
5.155289	5.100556	3.434484	4.501387	4.706777	3.566789
3.123422	-1.758876	4.795655	3.234669	-1.223486	5.459316
5.137203	5.236499	-0.041364	4.396774	4.990257	-0.207949
1.789600	-3.522069	-2.378101	1.337565	-3.847757	-2.893046
-4.608681	0.601065	-5.251598	-4.100417	0.105749	-5.374543
2.411704	3.749638	-5.504054	1.657746	3.631084	-5.807313
3.430461	4.270014	-3.976723	2.988546	3.723942	-4.134541
4.385023	1.813838	-0.133108	4.764936	1.240150	-0.519020
-4.357630	2.531471	0.980930	-4.667279	3.080908	1.514791
-4.667279	3.080908	1.514791	-4.158556	3.505609	2.007819
4.421140	3.133923	1.492696	5.119739	3.204678	1.050290
2.022525	-4.817298	2.526350	2.059049	-5.140714	1.784046
2.022525	-4.817298	2.526350	1.297994	-4.692684	2.919465
-2.862688	4.607717	-0.001125	-2.197763	4.875126	0.388878
-2.888769	-4.280172	-5.191708	-3.555889	-4.012305	-4.932254
-0.240753	-3.516181	2.872040	0.531400	-3.455626	2.748816
-4.000491	5.591227	5.514897	-4.032623	4.877056	5.038566
4.396774	4.990257	-0.207949	3.764146	5.433645	0.134784
5.659669	-4.464667	-3.532889	5.671906	-5.204655	-3.454807
-0.550087	1.521671	3.000349	-0.017012	1.702779	3.421134
-3.428009	-1.097106	4.858342	-2.762519	-0.942374	5.050828
-2.762519	-0.942374	5.050828	-2.293130	-1.420465	5.383626
4.245549	0.553491	-4.623487	3.942300	0.365924	-3.916754
1.141405	0.408876	-3.308912	0.398894	0.582479	-3.068531
4.245549	0.553491	-4.623487	3.722777	0.348512	-5.215998
2.617008	0.338431	0.277518	1.811859	0.085950	0.398834
5.443456	1.152380	-4.015071	4.970130	0.935037	-4.652436
-1.744724	-1.553882	4.827544	-2.293130	-1.420465	5.383626
-0.725903	-5.390204	-4.152397	-0.370142	-6.048660	-3.957840
-1.802765	4.366410	2.790798	-1.364542	3.955700	2.237274
2.571359	-2.289003	-3.572599	2.359013	-2.282774	-2.779570
4.546450	-2.055007	-4.492011	4.003013	-2.280667	-3.963493
0.786744	3.464223	2.770408	0.388421	2.790461	2.610532
0.102278	1.579438	4.192167	-0.017012	1.702779	3.421134
-2.954528	0.436710	-4.745762	-3.071857	-0.223264	-4.258653
0.010193	5.063983	-2.195183	0.445087	5.735153	-1.956502
0.010193	5.063983	-2.195183	0.240507	4.314501	-2.508392
-0.592287	4.645823	-3.922990	-0.370142	5.391340	-3.957840
1.280666	-2.299637	4.528289	0.765124	-2.807144	4.917191
1.143409	-1.427446	1.611562	1.015506	-2.235887	1.544000
0.984157	2.890771	0.603046	0.839524	2.853726	-0.156455
0.302882	4.035060	1.026755	0.363609	3.275346	0.976947
0.786744	3.464223	2.770408	1.554221	3.274054	2.775210
-3.697519	-4.460492	-1.884341	-3.679913	-3.680849	-1.744814
-1.191419	-0.314526	3.270532	-1.248717	0.443346	3.030020
-1.387140	3.147179	2.223321	-0.795056	2.731706	2.441875
-2.147970	0.921039	1.085195	-1.964065	0.319324	0.559078
-1.964065	0.319324	0.559078	-1.540987	-0.297389	0.580998
-2.301870	0.448583	-0.197671	-1.964065	0.319324	0.559078
-3.160873	0.429330	2.059373	-2.510110	0.870569	1.836053
0.556781	3.431938	4.568097	0.518151	4.146351	4.286150
0.518151	4.146351	4.286150	0.933117	4.583126	4.715998
-1.670984	-1.356169	2.210130	-1.383507	-1.240791	1.497854
5.412953	-5.263533	-2.739386	4.696016	-5.514755	-2.570753
3.069201	0.784430	-5.087099	3.722777	0.348512	-5.215998
2.119906	1.036114	5.513508	1.910570	0.230874	5.431507
3.331320	0.835224	-3.863102	2.782239	0.650357	-4.340187
4.424961	1.025648	-2.744403	3.706147	1.382819	-2.641583
-0.736180	0.641484	-0.988786	-1.426620	1.038170	-1.072193
2.827566	2.315072	-4.152307	2.084134	2.186072	-3.807756
3.757475	-4.419906	0.935802	3.074801	-4.878063	0.740010
3.795547	0.032490	4.854674	3.791501	-0.157784	5.629108
-0.142281	4.162170	-4.333166	-0.094173	4.227532	-5.102718
-1.368951	-5.545783	4.809853	-1.652862	-6.213664	5.062763
2.189862	-2.568770	1.852962	1.425748	-2.598845	2.081925
0.522727	4.132088	-3.248144	1.199667	4.460813	-3.484400
5.479111	-4.118507	1.730611	5.178897	-4.790125	1.665967
-4.177340	1.308401	1.654368	-4.888913	1.433740	1.991204
3.112170	-1.572807	-0.085219	3.666369	-1.276925	0.245955
-1.132834	2.184892	-3.150424	-1.651533	2.471362	-3.560770
-2.069522	-5.578089	-3.807949	-2.449188	-5.741529	-3.062922
5.283816	-2.837907	5.115486	4.870983	-3.366554	4.609402
1.765841	-2.032312	5.687215	1.937353	-2.260747	4.996584
1.928195	-1.493249	-4.606543	1.453847	-0.838258	-4.531486
-0.249124	1.929230	4.737454	0.102278	1.579438	4.192167
-2.879042	0.274125	5.343836	-2.817242	-0.250073	4.783266
2.119906	1.036114	5.513508	1.582037	1.560703	5.317176
3.069201	0.784430	-5.087099	2.782239	0.650357	-4.340187
4.639096	-3.711119	-3.465789	4.798263	-3.121265	-2.901097
-2.526404	4.595569	-2.160594	-3.019507	4.687046	-1.552185
-4.766575	4.199923	-1.030187	-4.168239	4.056763	-1.530588
-2.448086	3.925848	-3.852401	-2.682768	3.628052	-3.140464
-1.725860	2.063799	-5.624057	-2.043599	1.417493	-5.287522
-3.421194	3.214083	3.249049	-2.981012	3.870321	3.490685
4.833269	3.139398	2.843651	4.378079	3.451299	2.218892
3.907620	1.976104	1.095406	3.763980	2.745698	1.292843
5.346778	4.406750	4.863366	4.658369	4.108714	4.658093
1.297994	-4.692684	2.919465	1.214226	-4.973119	3.554626
-0.721493	-0.143724	-1.050072	-0.917866	-0.498753	-1.741933
-4.743156	3.374090	3.334924	-4.088248	3.361514	2.851759
4.679885	5.360339	-2.069464	4.696016	5.925245	-2.570753
3.271084	5.597809	1.434624	3.233205	5.230566	0.720731
0.739456	-4.234779	2.590245	1.297994	-4.692684	2.919465
-1.878040	-2.830241	-0.053028	-2.410569	-3.392838	-0.409141
5.190698	0.710482	-0.081406	4.764936	1.240150	-0.519020
0.173947	-0.196453	3.820165	-0.647089	-0.361454	3.927126
-2.847924	0.000643	-0.560162	-2.728675	-0.035490	-1.366861
-3.528776	-5.262146	-0.879794	-2.896356	-5.767774	-0.784729
-2.343779	2.080041	2.354201	-3.076384	2.341580	2.529348
2.196807	-2.666780	3.370408	1.430984	-2.419877	3.324118
1.015506	-2.235887	1.544000	0.555195	-2.586745	0.974724
-3.071857	-0.223264	-4.258653	-3.829163	-0.572338	-4.106057
-3.428009	-1.097106	4.858342	-4.024662	-0.708148	5.211543
0.398894	0.582479	-3.068531	0.388796	1.302690	-2.815052
0.398894	0.582479	-3.068531	-0.313870	0.101942	-3.056643
-3.679913	-3.680849	-1.744814	-4.201908	-3.083616	-1.559274
-4.923064	-3.003980	-1.934806	-4.201908	-3.083616	-1.559274
4.259175	-0.288883	-0.360766	4.319477	-0.212243	-1.145681
3.417009	-2.734047	-1.718608	2.911149	-2.497998	-1.148911
4.944119	-1.646638	0.581486	5.313824	-2.274217	0.411558
0.114448	1.216207	-0.046547	-0.132385	1.123845	-0.851707
3.764146	5.433645	0.134784	3.233205	5.230566	0.720731
-0.488522	2.953069	-0.580258	-1.163306	3.378692	-0.312708
-5.257733	2.192520	-5.413035	-4.898224	1.932362	-4.711354
-2.862688	4.607717	-0.001125	-3.417622	4.190816	0.458827
0.058669	4.472341	-0.756328	0.428854	4.018935	-1.272670
5.274914	-0.933444	-4.122516	5.736070	-1.560012	-4.177652
2.653027	-2.798917	1.233623	2.189862	-2.568770	1.852962
2.504206	-1.767945	0.349605	2.259197	-2.486239	0.599896
5.666545	0.531896	5.635002	5.292106	-0.126038	5.295001
0.382937	4.615155	2.260570	0.403279	4.143836	2.896029
-3.224778	2.138452	-2.349138	-2.885098	2.411759	-3.023554
-2.694045	-1.368108	3.135270	-2.775785	-1.602693	3.834810
5.659669	-4.464667	-3.532889	6.257473	-4.172737	-3.074776
4.870983	-3.366554	4.609402	5.019767	-4.158313	4.829618
0.739456	-4.234779	2.590245	0.531400	-3.455626	2.748816
5.339271	-0.726190	1.463460	6.112456	-0.817870	1.769336
-2.147970	0.921039	1.085195	-2.510110	0.870569	1.836053
-0.629730	0.809925	2.692812	-0.197735	0.381904	2.117222
4.424961	1.025648	-2.744403	5.093238	1.266119	-2.676575
5.075606	-2.532318	-4.989604	5.503479	-3.176746	-4.793163
-2.104464	-1.974842	4.235420	-2.775785	-1.602693	3.834810
2.119906	1.036114	5.513508	2.825795	1.235038	5.769467
2.403300	0.503528	2.229739	2.691973	-0.132123	1.819093
-2.449188	5.698471	-3.062922	-2.091106	5.185550	-2.560866
-2.995894	0.615591	-1.713053	-2.728675	-0.035490	-1.366861
-4.586247	4.871730	0.732153	-4.188985	5.497507	1.050415
-3.305666	2.491028	3.309438	-3.398268	2.096335	4.026804
1.377897	2.904947	5.358297	1.657746	3.631084	5.632687
4.450857	-0.965466	3.502703	3.761985	-0.901507	3.938874
2.196807	-2.666780	3.370408	2.351286	-3.289319	3.699513
1.932660	3.267423	3.507754	1.554221	3.274054	2.775210
-2.885098	2.411759	-3.023554	-2.371089	2.080854	-3.535570
5.250408	-3.948480	-4.698364	5.503479	-3.176746	-4.793163
-5.538085	-1.240942	-1.530926	-5.339740	-1.264580	-0.759339
3.326340	-0.321364	4.243538	3.795547	0.032490	4.854674
-5.261794	-0.617939	-0.312587	-5.339740	-1.264580	-0.759339
3.294695	-2.651889	-3.815838	3.293335	-3.482200	-3.880874
5.585589	4.931078	-5.395619	5.045060	4.595260	-4.934110
-0.704185	2.946856	-4.406406	0.031091	2.947582	-4.003509
2.956577	4.259244	5.563404	2.411704	3.749638	5.935946
-2.682768	3.628052	-3.140464	-2.290160	4.004231	-2.563489
4.658369	4.108714	4.658093	4.523591	3.949057	3.940356
-4.098351	-2.301309	0.358032	-4.473717	-2.269445	-0.361444
-2.469712	1.140913	-4.621939	-2.954528	0.436710	-4.745762
-4.411365	1.095269	4.374052	-4.620404	0.561116	4.894732
-5.220805	0.021327	-2.116646	-4.579198	-0.437917	-2.350013
-1.364542	3.955700	2.237274	-0.872944	4.333759	1.702515
0.040688	1.732167	-3.391131	0.329383	2.230413	-3.957809
3.422208	-2.045235	3.432814	2.762957	-2.269845	3.079806
-4.057490	1.962596	-2.361633	-4.436529	2.471048	-2.756229
-1.086204	-2.215754	-1.344604	-1.630720	-1.655036	-1.268045
3.162268	5.642335	5.686920	3.231861	4.923033	5.856207
5.424370	-2.697574	1.095289	6.177968	-2.830789	1.432376
-1.131792	-4.425937	5.593282	-0.891049	-4.435742	6.329059
-5.473256	1.598129	1.494118	-5.960985	2.010706	1.885397
2.648895	-5.263648	-1.576658	2.906831	-5.965857	-1.800902
-0.743167	-2.701069	-5.649051	-0.192654	-2.231683	-5.819410
-5.346340	4.868010	0.941672	-5.798078	5.339515	0.478691
-0.818693	5.272672	-1.282359	-0.962655	6.059449	-1.011015
-0.038324	-5.262805	-0.133708	0.334181	-5.836464	-0.448173
-5.480157	-5.010441	-2.189701	-6.027047	-5.263533	-2.739386
-4.978284	2.441292	-3.359410	-5.763804	2.363880	-3.274191
-1.304940	3.995419	5.546725	-0.693705	3.998251	5.886018
-2.423672	5.595539	-4.526001	-2.069522	5.861911	-3.807949
-5.567280	2.128217	0.291390	-6.188827	2.644430	0.382855
-0.265335	5.491559	1.802922	-0.601436	5.865966	2.375969
4.554295	-1.015817	-5.373456	5.250677	-0.870227	-5.771484
-5.149774	-2.300321	-3.096991	-5.750286	-2.076556	-3.532236
5.283816	-2.837907	5.115486	6.064208	-2.889712	4.961895
0.681846	-5.119419	-5.479847	1.218128	-5.733689	-5.270132
-0.743167	-2.701069	-5.649051	-1.184501	-3.202099	-5.985433
5.503479	-3.176746	-4.793163	6.306698	-3.202215	-4.643844
3.529960	-5.694724	-3.226116	3.337413	-6.329424	-2.784088
-2.452625	-5.650036	-5.321336	-2.325084	-6.234107	-5.962731
-5.684667	4.992599	-3.865212	-6.254245	4.585422	-4.189080
-5.618578	-5.694605	-5.258338	-5.762865	-5.048138	-5.612294
4.225084	3.602291	-5.660278	4.019559	3.939470	-6.353064
2.729834	-5.277241	1.363598	3.271084	-5.842191	1.434624
-4.813324	2.644148	5.482676	-5.257733	2.192520	6.026965
5.483660	-4.722798	4.543211	6.013813	-4.814652	5.121999
-2.293130	-1.420465	5.383626	-2.264083	-1.768296	6.103922
-5.618578	-5.694605	-5.258338	-5.854411	-6.508922	-5.395619
2.126828	-5.287156	-0.954959	1.567893	-5.811788	-0.925980
3.764146	5.433645	0.134784	3.650256	6.251355	-0.160838
3.162268	5.642335	5.686920	2.601207	6.016925	6.123389
-5.495507	-4.968313	3.265234	-5.963589	-5.401462	2.722577
-4.930146	4.052339	5.449039	-4.572976	3.412932	5.772268
5.572026	5.280219	2.776643	5.476411	6.038538	2.722577
3.264098	-4.352094	-5.626393	2.911970	-4.221936	-6.284079
-5.413942	3.214719	1.609375	-5.758289	2.716903	2.038630
-0.693091	2.810043	-5.205970	-0.461213	3.315648	-5.801058
-2.423672	5.595539	-4.526001	-2.452625	5.789964	-5.321336
4.197039	-5.292825	2.284915	3.734074	-5.943222	2.087183
2.068020	-5.447383	5.149343	2.023400	-6.058557	4.565209
-2.724250	3.946393	-5.665814	-2.037024	3.519601	-5.860791
-3.715620	5.409505	-2.917336	-3.158397	6.004176	-2.869822
-3.970153	5.250252	-2.167188	-4.399007	5.829435	-1.798444
-4.000491	5.591227	5.514897	-4.029004	6.267195	4.978204
3.483002	2.415050	-5.484734	3.277840	1.818307	-5.964321
2.825795	1.235038	-5.670533	3.277840	1.818307	-5.964321
-4.813324	2.644148	5.482676	-4.572976	3.412932	5.772268
-5.016925	0.573632	5.541530	-4.608681	0.601065	6.188402
5.549482	0.784712	3.584027	6.255012	0.976485	3.336405
-2.375240	0.814774	5.165640	-1.916987	0.777926	5.739621
5.648290	-5.202102	3.983936	5.577523	-6.021364	4.000907
-2.331071	-4.744881	5.116768	-2.591229	-4.883377	5.863623
1.250612	5.293914	4.455419	0.979872	5.997210	4.141330
1.078526	5.422693	1.325021	1.334399	6.128914	1.506969
-5.547499	-5.692153	-3.958568	-5.684667	-6.447401	-3.865212
5.648290	-5.202102	3.983936	5.944493	-4.968313	3.265234
0.445087	-5.704847	-1.956502	0.816231	-5.766979	-1.155113
-5.698554	4.259972	-2.807179	-6.192872	3.717512	-3.165591
3.135486	5.640453	-3.876785	3.529960	5.745276	-3.226116
-4.024662	-0.708148	5.211543	-4.271138	-0.692236	5.921132
-5.574597	4.433518	1.565997	-5.859367	3.737994	1.359501
-5.413942	3.214719	1.609375	-5.859367	3.737994	1.359501
-2.136602	-5.174327	0.605141	-2.382587	-5.907325	0.806193
-0.834580	-0.096140	5.434017	-0.181722	0.110312	5.841653
0.280755	0.565257	5.512374	-0.181722	0.110312	5.841653
1.218128	5.706311	-5.270132	1.939750	5.879559	-5.520979
-0.552099	-1.605238	5.597749	-0.428786	-1.371598	6.283712
5.277138	-0.850404	-1.777544	5.901915	-1.240942	-1.530926
-4.000491	5.591227	5.514897	-3.968900	5.630539	6.396748
-0.959394	2.175708	-5.602409	-0.356662	1.807367	-5.946377
0.681846	-5.119419	-5.479847	0.638213	-4.846542	-6.220382
-2.449188	5.698471	-3.062922	-3.158397	6.004176	-2.869822
-5.426187	-4.814652	5.121999	-5.762865	-5.048138	5.827706
-5.521423	-1.022485	3.248955	-6.244105	-0.665222	3.520116
-2.879042	0.274125	5.343836	-3.334035	0.280359	6.016890
-5.602219	4.453703	5.491591	-5.854411	4.931078	6.044381
-0.765604	5.545146	1.205580	-0.845058	6.311479	0.906610
0.259568	1.369785	-5.679588	-0.356662	1.807367	-5.946377
5.509533	-1.553157	-5.553161	6.088452	-1.436894	-4.928928
-4.188985	5.497507	1.050415	-4.343375	6.240439	0.999732
2.956577	4.259244	5.563404	3.231861	4.923033	5.856207
-5.499631	-4.162985	0.190946	-6.094741	-3.892979	-0.269126
-5.698554	4.259972	-2.807179	-5.754365	4.460250	-2.049784
4.602605	-5.619708	-0.872794	5.307004	-6.006196	-0.707302
5.426481	1.960883	-5.540645	4.835317	2.282675	-5.793606
5.504887	-0.560725	0.121848	6.178206	-0.617939	-0.312587
-3.171101	5.691188	3.178614	-3.587854	6.314359	3.501654
-0.461213	3.315648	5.638942	-0.693705	3.998251	5.886018
-1.983908	2.710700	5.377356	-1.725860	2.063799	5.815943
-2.840459	5.580596	1.434140	-2.618352	5.951362	2.060810
4.627482	-4.444395	5.519199	5.163133	-4.440885	6.079592
5.443456	1.152380	-4.015071	6.128355	0.765320	-4.172401
-2.618352	-5.488638	2.060810	-2.506553	-5.846642	2.718058
5.596110	-2.532860	-0.264649	6.205551	-2.030306	-0.458491
1.063177	4.249608	5.535235	0.639068	4.510738	6.133688
5.666545	0.531896	5.635002	5.351053	1.149978	6.078276
-5.220805	0.021327	-2.116646	-5.906350	-0.344618	-2.272969
5.666545	0.531896	5.635002	6.423075	0.573632	5.541530
3.135486	5.640453	-3.876785	2.546343	6.178210	-4.041829
3.722777	0.348512	-5.215998	3.791501	-0.157784	-5.810892
5.714864	-5.342273	0.544272	6.301526	-4.795321	0.276170
-5.553418	5.353686	-1.257277	-6.132996	5.433804	-0.707302
-0.860630	-5.499013	4.211407	-0.858214	-6.047579	3.649236
2.092422	-1.492981	-5.360383	1.765841	-2.032312	-5.752785
1.172589	-2.420671	-5.439779	1.765841	-2.032312	-5.752785
5.641922	5.339515	0.478691	5.714864	6.097727	0.544272
3.489533	-5.370059	4.324935	3.342622	-6.092676	3.935319
5.577523	5.418636	4.000907	5.760897	4.815188	4.336351
-4.610291	-3.235993	-5.278717	-4.847982	-3.311338	-5.989785
3.887885	-0.925880	-5.691541	3.234669	-1.223486	-5.980684
0.405462	5.495429	-3.731232	0.629038	6.064203	-3.299776
-0.834580	-0.096140	5.434017	-1.435349	0.195300	5.904315
-2.896356	5.672226	-0.784729	-2.328295	6.162235	-0.669284
5.346778	4.406750	4.863366	5.837781	4.453703	5.491591
3.791501	-0.157784	5.629108	3.887885	-0.925880	5.748459
-5.325324	4.556665	-1.446462	-5.754365	4.460250	-2.049784
5.346778	4.406750	4.863366	5.760897	4.815188	4.336351
-5.310272	2.317770	4.213116	-6.066804	1.945812	4.274615
0.259568	1.369785	-5.679588	0.280755	0.565257	-5.927626
5.546893	-0.360514	-3.635858	6.285350	0.088141	-3.818083
5.426481	1.960883	-5.540645	6.182267	2.192520	-5.413035
-5.513139	-3.565215	-1.921743	-6.177218	-3.319597	-1.527446
5.346568	1.031755	-1.922686	6.103071	0.739586	-1.804820
-5.703930	-1.560012	-4.177652	-5.750286	-2.076556	-3.532236
5.509533	-1.553157	-5.553161	5.250677	-0.870227	-5.771484
5.289743	-2.317687	5.703990	5.075606	-2.532318	6.450396
-2.847333	4.599475	5.260783	-2.724250	3.946393	5.774186
5.190698	0.710482	-0.081406	5.748360	0.994899	0.217056
4.602605	-5.619708	-0.872794	4.272555	-6.011577	-1.424879
1.172589	-2.420671	-5.439779	0.524513	-2.451500	-5.894254
-1.044328	5.512124	2.939058	-0.601436	5.865966	2.375969
-3.968900	5.630539	-5.043252	-4.394560	6.208815	-4.693857
3.162268	5.642335	5.686920	3.532721	6.140197	5.154705
2.535501	-0.957497	-5.643875	3.234669	-1.223486	-5.980684
5.476436	2.726690	2.700331	6.023686	2.290188	2.986898
5.289743	-2.317687	5.703990	5.509533	-1.553157	5.886839
4.222044	2.798221	-5.642864	4.835317	2.282675	-5.793606
-1.982094	-3.151872	5.328124	-2.362185	-3.067710	6.033011
2.068020	-5.447383	5.149343	1.939750	-5.560441	5.919021
-5.159353	-5.567486	-1.729758	-5.553418	-6.086314	-1.257277
1.227128	2.164301	5.654110	0.783291	1.803205	6.199170
5.671906	-5.204655	-3.454807	5.892501	-5.692153	-3.958568
5.572026	5.280219	2.776643	5.983880	4.772734	2.368545
-5.222939	-4.233812	1.489123	-5.960889	-4.118507	1.730611
2.105167	-0.288405	-5.503654	1.910570	0.230874	-6.008493
3.264098	-4.352094	-5.626393	3.898602	-4.665635	-5.928351
1.657746	3.631084	5.632687	2.411704	3.749638	5.935946
-0.370142	5.391340	-3.957840	-0.725903	6.049796	-4.152397
0.445087	-5.704847	-1.956502	0.010193	-6.376017	-2.195183
-1.652862	5.226336	5.062763	-1.368951	5.894217	4.809853
-2.449188	5.698471	-3.062922	-2.069522	5.861911	-3.807949
4.696016	-5.514755	-2.570753	4.679885	-6.079661	-2.069464
-2.896356	5.672226	-0.784729	-3.528776	6.177854	-0.879794
-5.703930	-1.560012	-4.177652	-6.165086	-0.933444	-4.122516
-5.182527	-4.172737	-3.074776	-5.780331	-4.464667	-3.532889
-5.327544	-0.817870	1.769336	-6.100729	-0.726190	1.463460
2.825795	1.235038	-5.670533	2.119906	1.036114	-5.926492
2.411704	3.749638	-5.504054	2.956577	4.259244	-5.876596
